/*--------------------------------*- C++ -*----------------------------------*\
| =========                 |                                                 |
| \\      /  F ield         | OpenFOAM: The Open Source CFD Toolbox           |
|  \\    /   O peration     | Version:  v2006                                 |
|   \\  /    A nd           | Website:  www.openfoam.com                      |
|    \\/     M anipulation  |                                                 |
\*---------------------------------------------------------------------------*/
FoamFile
{
    version     2.0;
    format      ascii;
    class       labelList;
    note        "nPoints:1650  nCells:750  nFaces:3075  nInternalFaces:1425";
    location    "constant/polyMesh";
    object      neighbour;
}
// * * * * * * * * * * * * * * * * * * * * * * * * * * * * * * * * * * * * * //


1425
(
1
74
75
2
76
3
77
4
78
5
79
6
80
7
81
8
82
9
83
10
84
11
85
12
86
13
87
14
88
15
89
16
90
17
91
18
92
19
93
20
94
21
95
22
96
23
97
24
98
25
99
26
100
27
101
28
102
29
103
30
104
31
105
32
106
33
107
34
108
35
109
36
110
37
111
38
112
39
113
40
114
41
115
42
116
43
117
44
118
45
119
46
120
47
121
48
122
49
123
50
124
51
125
52
126
53
127
54
128
55
129
56
130
57
131
58
132
59
133
60
134
61
135
62
136
63
137
64
138
65
139
66
140
67
141
68
142
69
143
70
144
71
145
72
146
73
147
74
148
149
76
149
150
77
151
78
152
79
153
80
154
81
155
82
156
83
157
84
158
85
159
86
160
87
161
88
162
89
163
90
164
91
165
92
166
93
167
94
168
95
169
96
170
97
171
98
172
99
173
100
174
101
175
102
176
103
177
104
178
105
179
106
180
107
181
108
182
109
183
110
184
111
185
112
186
113
187
114
188
115
189
116
190
117
191
118
192
119
193
120
194
121
195
122
196
123
197
124
198
125
199
126
200
127
201
128
202
129
203
130
204
131
205
132
206
133
207
134
208
135
209
136
210
137
211
138
212
139
213
140
214
141
215
142
216
143
217
144
218
145
219
146
220
147
221
148
222
149
223
224
151
224
225
152
226
153
227
154
228
155
229
156
230
157
231
158
232
159
233
160
234
161
235
162
236
163
237
164
238
165
239
166
240
167
241
168
242
169
243
170
244
171
245
172
246
173
247
174
248
175
249
176
250
177
251
178
252
179
253
180
254
181
255
182
256
183
257
184
258
185
259
186
260
187
261
188
262
189
263
190
264
191
265
192
266
193
267
194
268
195
269
196
270
197
271
198
272
199
273
200
274
201
275
202
276
203
277
204
278
205
279
206
280
207
281
208
282
209
283
210
284
211
285
212
286
213
287
214
288
215
289
216
290
217
291
218
292
219
293
220
294
221
295
222
296
223
297
224
298
299
226
299
300
227
301
228
302
229
303
230
304
231
305
232
306
233
307
234
308
235
309
236
310
237
311
238
312
239
313
240
314
241
315
242
316
243
317
244
318
245
319
246
320
247
321
248
322
249
323
250
324
251
325
252
326
253
327
254
328
255
329
256
330
257
331
258
332
259
333
260
334
261
335
262
336
263
337
264
338
265
339
266
340
267
341
268
342
269
343
270
344
271
345
272
346
273
347
274
348
275
349
276
350
277
351
278
352
279
353
280
354
281
355
282
356
283
357
284
358
285
359
286
360
287
361
288
362
289
363
290
364
291
365
292
366
293
367
294
368
295
369
296
370
297
371
298
372
299
373
374
301
374
375
302
376
303
377
304
378
305
379
306
380
307
381
308
382
309
383
310
384
311
385
312
386
313
387
314
388
315
389
316
390
317
391
318
392
319
393
320
394
321
395
322
396
323
397
324
398
325
399
326
400
327
401
328
402
329
403
330
404
331
405
332
406
333
407
334
408
335
409
336
410
337
411
338
412
339
413
340
414
341
415
342
416
343
417
344
418
345
419
346
420
347
421
348
422
349
423
350
424
351
425
352
426
353
427
354
428
355
429
356
430
357
431
358
432
359
433
360
434
361
435
362
436
363
437
364
438
365
439
366
440
367
441
368
442
369
443
370
444
371
445
372
446
373
447
374
448
449
376
449
450
377
451
378
452
379
453
380
454
381
455
382
456
383
457
384
458
385
459
386
460
387
461
388
462
389
463
390
464
391
465
392
466
393
467
394
468
395
469
396
470
397
471
398
472
399
473
400
474
401
475
402
476
403
477
404
478
405
479
406
480
407
481
408
482
409
483
410
484
411
485
412
486
413
487
414
488
415
489
416
490
417
491
418
492
419
493
420
494
421
495
422
496
423
497
424
498
425
499
426
500
427
501
428
502
429
503
430
504
431
505
432
506
433
507
434
508
435
509
436
510
437
511
438
512
439
513
440
514
441
515
442
516
443
517
444
518
445
519
446
520
447
521
448
522
449
523
524
451
524
525
452
526
453
527
454
528
455
529
456
530
457
531
458
532
459
533
460
534
461
535
462
536
463
537
464
538
465
539
466
540
467
541
468
542
469
543
470
544
471
545
472
546
473
547
474
548
475
549
476
550
477
551
478
552
479
553
480
554
481
555
482
556
483
557
484
558
485
559
486
560
487
561
488
562
489
563
490
564
491
565
492
566
493
567
494
568
495
569
496
570
497
571
498
572
499
573
500
574
501
575
502
576
503
577
504
578
505
579
506
580
507
581
508
582
509
583
510
584
511
585
512
586
513
587
514
588
515
589
516
590
517
591
518
592
519
593
520
594
521
595
522
596
523
597
524
598
599
526
599
600
527
601
528
602
529
603
530
604
531
605
532
606
533
607
534
608
535
609
536
610
537
611
538
612
539
613
540
614
541
615
542
616
543
617
544
618
545
619
546
620
547
621
548
622
549
623
550
624
551
625
552
626
553
627
554
628
555
629
556
630
557
631
558
632
559
633
560
634
561
635
562
636
563
637
564
638
565
639
566
640
567
641
568
642
569
643
570
644
571
645
572
646
573
647
574
648
575
649
576
650
577
651
578
652
579
653
580
654
581
655
582
656
583
657
584
658
585
659
586
660
587
661
588
662
589
663
590
664
591
665
592
666
593
667
594
668
595
669
596
670
597
671
598
672
599
673
674
601
674
675
602
676
603
677
604
678
605
679
606
680
607
681
608
682
609
683
610
684
611
685
612
686
613
687
614
688
615
689
616
690
617
691
618
692
619
693
620
694
621
695
622
696
623
697
624
698
625
699
626
700
627
701
628
702
629
703
630
704
631
705
632
706
633
707
634
708
635
709
636
710
637
711
638
712
639
713
640
714
641
715
642
716
643
717
644
718
645
719
646
720
647
721
648
722
649
723
650
724
651
725
652
726
653
727
654
728
655
729
656
730
657
731
658
732
659
733
660
734
661
735
662
736
663
737
664
738
665
739
666
740
667
741
668
742
669
743
670
744
671
745
672
746
673
747
674
748
749
676
749
677
678
679
680
681
682
683
684
685
686
687
688
689
690
691
692
693
694
695
696
697
698
699
700
701
702
703
704
705
706
707
708
709
710
711
712
713
714
715
716
717
718
719
720
721
722
723
724
725
726
727
728
729
730
731
732
733
734
735
736
737
738
739
740
741
742
743
744
745
746
747
748
749
)


// ************************************************************************* //
