/*--------------------------------*- C++ -*----------------------------------*\
| =========                 |                                                 |
| \\      /  F ield         | OpenFOAM: The Open Source CFD Toolbox           |
|  \\    /   O peration     | Version:  v2006                                 |
|   \\  /    A nd           | Website:  www.openfoam.com                      |
|    \\/     M anipulation  |                                                 |
\*---------------------------------------------------------------------------*/
FoamFile
{
    version     2.0;
    format      ascii;
    class       faceList;
    location    "constant/polyMesh";
    object      faces;
}
// * * * * * * * * * * * * * * * * * * * * * * * * * * * * * * * * * * * * * //


3075
(
4(2 3 153 152)
4(0 1 151 150)
4(150 151 152 153)
4(4 5 155 154)
4(153 152 154 155)
4(6 7 157 156)
4(155 154 156 157)
4(8 9 159 158)
4(157 156 158 159)
4(10 11 161 160)
4(159 158 160 161)
4(12 13 163 162)
4(161 160 162 163)
4(14 15 165 164)
4(163 162 164 165)
4(16 17 167 166)
4(165 164 166 167)
4(18 19 169 168)
4(167 166 168 169)
4(20 21 171 170)
4(169 168 170 171)
4(22 23 173 172)
4(171 170 172 173)
4(24 25 175 174)
4(173 172 174 175)
4(26 27 177 176)
4(175 174 176 177)
4(28 29 179 178)
4(177 176 178 179)
4(30 31 181 180)
4(179 178 180 181)
4(32 33 183 182)
4(181 180 182 183)
4(34 35 185 184)
4(183 182 184 185)
4(36 37 187 186)
4(185 184 186 187)
4(38 39 189 188)
4(187 186 188 189)
4(40 41 191 190)
4(189 188 190 191)
4(42 43 193 192)
4(191 190 192 193)
4(44 45 195 194)
4(193 192 194 195)
4(46 47 197 196)
4(195 194 196 197)
4(48 49 199 198)
4(197 196 198 199)
4(50 51 201 200)
4(199 198 200 201)
4(52 53 203 202)
4(201 200 202 203)
4(54 55 205 204)
4(203 202 204 205)
4(56 57 207 206)
4(205 204 206 207)
4(58 59 209 208)
4(207 206 208 209)
4(60 61 211 210)
4(209 208 210 211)
4(62 63 213 212)
4(211 210 212 213)
4(64 65 215 214)
4(213 212 214 215)
4(66 67 217 216)
4(215 214 216 217)
4(68 69 219 218)
4(217 216 218 219)
4(70 71 221 220)
4(219 218 220 221)
4(72 73 223 222)
4(221 220 222 223)
4(74 75 225 224)
4(223 222 224 225)
4(76 77 227 226)
4(225 224 226 227)
4(78 79 229 228)
4(227 226 228 229)
4(80 81 231 230)
4(229 228 230 231)
4(82 83 233 232)
4(231 230 232 233)
4(84 85 235 234)
4(233 232 234 235)
4(86 87 237 236)
4(235 234 236 237)
4(88 89 239 238)
4(237 236 238 239)
4(90 91 241 240)
4(239 238 240 241)
4(92 93 243 242)
4(241 240 242 243)
4(94 95 245 244)
4(243 242 244 245)
4(96 97 247 246)
4(245 244 246 247)
4(98 99 249 248)
4(247 246 248 249)
4(100 101 251 250)
4(249 248 250 251)
4(102 103 253 252)
4(251 250 252 253)
4(104 105 255 254)
4(253 252 254 255)
4(106 107 257 256)
4(255 254 256 257)
4(108 109 259 258)
4(257 256 258 259)
4(110 111 261 260)
4(259 258 260 261)
4(112 113 263 262)
4(261 260 262 263)
4(114 115 265 264)
4(263 262 264 265)
4(116 117 267 266)
4(265 264 266 267)
4(118 119 269 268)
4(267 266 268 269)
4(120 121 271 270)
4(269 268 270 271)
4(122 123 273 272)
4(271 270 272 273)
4(124 125 275 274)
4(273 272 274 275)
4(126 127 277 276)
4(275 274 276 277)
4(128 129 279 278)
4(277 276 278 279)
4(130 131 281 280)
4(279 278 280 281)
4(132 133 283 282)
4(281 280 282 283)
4(134 135 285 284)
4(283 282 284 285)
4(136 137 287 286)
4(285 284 286 287)
4(138 139 289 288)
4(287 286 288 289)
4(140 141 291 290)
4(289 288 290 291)
4(142 143 293 292)
4(291 290 292 293)
4(144 145 295 294)
4(293 292 294 295)
4(146 147 297 296)
4(295 294 296 297)
4(148 149 299 298)
4(297 296 298 299)
4(299 298 151 150)
4(152 153 303 302)
4(150 151 301 300)
4(300 301 302 303)
4(154 155 305 304)
4(303 302 304 305)
4(156 157 307 306)
4(305 304 306 307)
4(158 159 309 308)
4(307 306 308 309)
4(160 161 311 310)
4(309 308 310 311)
4(162 163 313 312)
4(311 310 312 313)
4(164 165 315 314)
4(313 312 314 315)
4(166 167 317 316)
4(315 314 316 317)
4(168 169 319 318)
4(317 316 318 319)
4(170 171 321 320)
4(319 318 320 321)
4(172 173 323 322)
4(321 320 322 323)
4(174 175 325 324)
4(323 322 324 325)
4(176 177 327 326)
4(325 324 326 327)
4(178 179 329 328)
4(327 326 328 329)
4(180 181 331 330)
4(329 328 330 331)
4(182 183 333 332)
4(331 330 332 333)
4(184 185 335 334)
4(333 332 334 335)
4(186 187 337 336)
4(335 334 336 337)
4(188 189 339 338)
4(337 336 338 339)
4(190 191 341 340)
4(339 338 340 341)
4(192 193 343 342)
4(341 340 342 343)
4(194 195 345 344)
4(343 342 344 345)
4(196 197 347 346)
4(345 344 346 347)
4(198 199 349 348)
4(347 346 348 349)
4(200 201 351 350)
4(349 348 350 351)
4(202 203 353 352)
4(351 350 352 353)
4(204 205 355 354)
4(353 352 354 355)
4(206 207 357 356)
4(355 354 356 357)
4(208 209 359 358)
4(357 356 358 359)
4(210 211 361 360)
4(359 358 360 361)
4(212 213 363 362)
4(361 360 362 363)
4(214 215 365 364)
4(363 362 364 365)
4(216 217 367 366)
4(365 364 366 367)
4(218 219 369 368)
4(367 366 368 369)
4(220 221 371 370)
4(369 368 370 371)
4(222 223 373 372)
4(371 370 372 373)
4(224 225 375 374)
4(373 372 374 375)
4(226 227 377 376)
4(375 374 376 377)
4(228 229 379 378)
4(377 376 378 379)
4(230 231 381 380)
4(379 378 380 381)
4(232 233 383 382)
4(381 380 382 383)
4(234 235 385 384)
4(383 382 384 385)
4(236 237 387 386)
4(385 384 386 387)
4(238 239 389 388)
4(387 386 388 389)
4(240 241 391 390)
4(389 388 390 391)
4(242 243 393 392)
4(391 390 392 393)
4(244 245 395 394)
4(393 392 394 395)
4(246 247 397 396)
4(395 394 396 397)
4(248 249 399 398)
4(397 396 398 399)
4(250 251 401 400)
4(399 398 400 401)
4(252 253 403 402)
4(401 400 402 403)
4(254 255 405 404)
4(403 402 404 405)
4(256 257 407 406)
4(405 404 406 407)
4(258 259 409 408)
4(407 406 408 409)
4(260 261 411 410)
4(409 408 410 411)
4(262 263 413 412)
4(411 410 412 413)
4(264 265 415 414)
4(413 412 414 415)
4(266 267 417 416)
4(415 414 416 417)
4(268 269 419 418)
4(417 416 418 419)
4(270 271 421 420)
4(419 418 420 421)
4(272 273 423 422)
4(421 420 422 423)
4(274 275 425 424)
4(423 422 424 425)
4(276 277 427 426)
4(425 424 426 427)
4(278 279 429 428)
4(427 426 428 429)
4(280 281 431 430)
4(429 428 430 431)
4(282 283 433 432)
4(431 430 432 433)
4(284 285 435 434)
4(433 432 434 435)
4(286 287 437 436)
4(435 434 436 437)
4(288 289 439 438)
4(437 436 438 439)
4(290 291 441 440)
4(439 438 440 441)
4(292 293 443 442)
4(441 440 442 443)
4(294 295 445 444)
4(443 442 444 445)
4(296 297 447 446)
4(445 444 446 447)
4(298 299 449 448)
4(447 446 448 449)
4(449 448 301 300)
4(302 303 453 452)
4(300 301 451 450)
4(450 451 452 453)
4(304 305 455 454)
4(453 452 454 455)
4(306 307 457 456)
4(455 454 456 457)
4(308 309 459 458)
4(457 456 458 459)
4(310 311 461 460)
4(459 458 460 461)
4(312 313 463 462)
4(461 460 462 463)
4(314 315 465 464)
4(463 462 464 465)
4(316 317 467 466)
4(465 464 466 467)
4(318 319 469 468)
4(467 466 468 469)
4(320 321 471 470)
4(469 468 470 471)
4(322 323 473 472)
4(471 470 472 473)
4(324 325 475 474)
4(473 472 474 475)
4(326 327 477 476)
4(475 474 476 477)
4(328 329 479 478)
4(477 476 478 479)
4(330 331 481 480)
4(479 478 480 481)
4(332 333 483 482)
4(481 480 482 483)
4(334 335 485 484)
4(483 482 484 485)
4(336 337 487 486)
4(485 484 486 487)
4(338 339 489 488)
4(487 486 488 489)
4(340 341 491 490)
4(489 488 490 491)
4(342 343 493 492)
4(491 490 492 493)
4(344 345 495 494)
4(493 492 494 495)
4(346 347 497 496)
4(495 494 496 497)
4(348 349 499 498)
4(497 496 498 499)
4(350 351 501 500)
4(499 498 500 501)
4(352 353 503 502)
4(501 500 502 503)
4(354 355 505 504)
4(503 502 504 505)
4(356 357 507 506)
4(505 504 506 507)
4(358 359 509 508)
4(507 506 508 509)
4(360 361 511 510)
4(509 508 510 511)
4(362 363 513 512)
4(511 510 512 513)
4(364 365 515 514)
4(513 512 514 515)
4(366 367 517 516)
4(515 514 516 517)
4(368 369 519 518)
4(517 516 518 519)
4(370 371 521 520)
4(519 518 520 521)
4(372 373 523 522)
4(521 520 522 523)
4(374 375 525 524)
4(523 522 524 525)
4(376 377 527 526)
4(525 524 526 527)
4(378 379 529 528)
4(527 526 528 529)
4(380 381 531 530)
4(529 528 530 531)
4(382 383 533 532)
4(531 530 532 533)
4(384 385 535 534)
4(533 532 534 535)
4(386 387 537 536)
4(535 534 536 537)
4(388 389 539 538)
4(537 536 538 539)
4(390 391 541 540)
4(539 538 540 541)
4(392 393 543 542)
4(541 540 542 543)
4(394 395 545 544)
4(543 542 544 545)
4(396 397 547 546)
4(545 544 546 547)
4(398 399 549 548)
4(547 546 548 549)
4(400 401 551 550)
4(549 548 550 551)
4(402 403 553 552)
4(551 550 552 553)
4(404 405 555 554)
4(553 552 554 555)
4(406 407 557 556)
4(555 554 556 557)
4(408 409 559 558)
4(557 556 558 559)
4(410 411 561 560)
4(559 558 560 561)
4(412 413 563 562)
4(561 560 562 563)
4(414 415 565 564)
4(563 562 564 565)
4(416 417 567 566)
4(565 564 566 567)
4(418 419 569 568)
4(567 566 568 569)
4(420 421 571 570)
4(569 568 570 571)
4(422 423 573 572)
4(571 570 572 573)
4(424 425 575 574)
4(573 572 574 575)
4(426 427 577 576)
4(575 574 576 577)
4(428 429 579 578)
4(577 576 578 579)
4(430 431 581 580)
4(579 578 580 581)
4(432 433 583 582)
4(581 580 582 583)
4(434 435 585 584)
4(583 582 584 585)
4(436 437 587 586)
4(585 584 586 587)
4(438 439 589 588)
4(587 586 588 589)
4(440 441 591 590)
4(589 588 590 591)
4(442 443 593 592)
4(591 590 592 593)
4(444 445 595 594)
4(593 592 594 595)
4(446 447 597 596)
4(595 594 596 597)
4(448 449 599 598)
4(597 596 598 599)
4(599 598 451 450)
4(452 453 603 602)
4(450 451 601 600)
4(600 601 602 603)
4(454 455 605 604)
4(603 602 604 605)
4(456 457 607 606)
4(605 604 606 607)
4(458 459 609 608)
4(607 606 608 609)
4(460 461 611 610)
4(609 608 610 611)
4(462 463 613 612)
4(611 610 612 613)
4(464 465 615 614)
4(613 612 614 615)
4(466 467 617 616)
4(615 614 616 617)
4(468 469 619 618)
4(617 616 618 619)
4(470 471 621 620)
4(619 618 620 621)
4(472 473 623 622)
4(621 620 622 623)
4(474 475 625 624)
4(623 622 624 625)
4(476 477 627 626)
4(625 624 626 627)
4(478 479 629 628)
4(627 626 628 629)
4(480 481 631 630)
4(629 628 630 631)
4(482 483 633 632)
4(631 630 632 633)
4(484 485 635 634)
4(633 632 634 635)
4(486 487 637 636)
4(635 634 636 637)
4(488 489 639 638)
4(637 636 638 639)
4(490 491 641 640)
4(639 638 640 641)
4(492 493 643 642)
4(641 640 642 643)
4(494 495 645 644)
4(643 642 644 645)
4(496 497 647 646)
4(645 644 646 647)
4(498 499 649 648)
4(647 646 648 649)
4(500 501 651 650)
4(649 648 650 651)
4(502 503 653 652)
4(651 650 652 653)
4(504 505 655 654)
4(653 652 654 655)
4(506 507 657 656)
4(655 654 656 657)
4(508 509 659 658)
4(657 656 658 659)
4(510 511 661 660)
4(659 658 660 661)
4(512 513 663 662)
4(661 660 662 663)
4(514 515 665 664)
4(663 662 664 665)
4(516 517 667 666)
4(665 664 666 667)
4(518 519 669 668)
4(667 666 668 669)
4(520 521 671 670)
4(669 668 670 671)
4(522 523 673 672)
4(671 670 672 673)
4(524 525 675 674)
4(673 672 674 675)
4(526 527 677 676)
4(675 674 676 677)
4(528 529 679 678)
4(677 676 678 679)
4(530 531 681 680)
4(679 678 680 681)
4(532 533 683 682)
4(681 680 682 683)
4(534 535 685 684)
4(683 682 684 685)
4(536 537 687 686)
4(685 684 686 687)
4(538 539 689 688)
4(687 686 688 689)
4(540 541 691 690)
4(689 688 690 691)
4(542 543 693 692)
4(691 690 692 693)
4(544 545 695 694)
4(693 692 694 695)
4(546 547 697 696)
4(695 694 696 697)
4(548 549 699 698)
4(697 696 698 699)
4(550 551 701 700)
4(699 698 700 701)
4(552 553 703 702)
4(701 700 702 703)
4(554 555 705 704)
4(703 702 704 705)
4(556 557 707 706)
4(705 704 706 707)
4(558 559 709 708)
4(707 706 708 709)
4(560 561 711 710)
4(709 708 710 711)
4(562 563 713 712)
4(711 710 712 713)
4(564 565 715 714)
4(713 712 714 715)
4(566 567 717 716)
4(715 714 716 717)
4(568 569 719 718)
4(717 716 718 719)
4(570 571 721 720)
4(719 718 720 721)
4(572 573 723 722)
4(721 720 722 723)
4(574 575 725 724)
4(723 722 724 725)
4(576 577 727 726)
4(725 724 726 727)
4(578 579 729 728)
4(727 726 728 729)
4(580 581 731 730)
4(729 728 730 731)
4(582 583 733 732)
4(731 730 732 733)
4(584 585 735 734)
4(733 732 734 735)
4(586 587 737 736)
4(735 734 736 737)
4(588 589 739 738)
4(737 736 738 739)
4(590 591 741 740)
4(739 738 740 741)
4(592 593 743 742)
4(741 740 742 743)
4(594 595 745 744)
4(743 742 744 745)
4(596 597 747 746)
4(745 744 746 747)
4(598 599 749 748)
4(747 746 748 749)
4(749 748 601 600)
4(602 603 753 752)
4(600 601 751 750)
4(750 751 752 753)
4(604 605 755 754)
4(753 752 754 755)
4(606 607 757 756)
4(755 754 756 757)
4(608 609 759 758)
4(757 756 758 759)
4(610 611 761 760)
4(759 758 760 761)
4(612 613 763 762)
4(761 760 762 763)
4(614 615 765 764)
4(763 762 764 765)
4(616 617 767 766)
4(765 764 766 767)
4(618 619 769 768)
4(767 766 768 769)
4(620 621 771 770)
4(769 768 770 771)
4(622 623 773 772)
4(771 770 772 773)
4(624 625 775 774)
4(773 772 774 775)
4(626 627 777 776)
4(775 774 776 777)
4(628 629 779 778)
4(777 776 778 779)
4(630 631 781 780)
4(779 778 780 781)
4(632 633 783 782)
4(781 780 782 783)
4(634 635 785 784)
4(783 782 784 785)
4(636 637 787 786)
4(785 784 786 787)
4(638 639 789 788)
4(787 786 788 789)
4(640 641 791 790)
4(789 788 790 791)
4(642 643 793 792)
4(791 790 792 793)
4(644 645 795 794)
4(793 792 794 795)
4(646 647 797 796)
4(795 794 796 797)
4(648 649 799 798)
4(797 796 798 799)
4(650 651 801 800)
4(799 798 800 801)
4(652 653 803 802)
4(801 800 802 803)
4(654 655 805 804)
4(803 802 804 805)
4(656 657 807 806)
4(805 804 806 807)
4(658 659 809 808)
4(807 806 808 809)
4(660 661 811 810)
4(809 808 810 811)
4(662 663 813 812)
4(811 810 812 813)
4(664 665 815 814)
4(813 812 814 815)
4(666 667 817 816)
4(815 814 816 817)
4(668 669 819 818)
4(817 816 818 819)
4(670 671 821 820)
4(819 818 820 821)
4(672 673 823 822)
4(821 820 822 823)
4(674 675 825 824)
4(823 822 824 825)
4(676 677 827 826)
4(825 824 826 827)
4(678 679 829 828)
4(827 826 828 829)
4(680 681 831 830)
4(829 828 830 831)
4(682 683 833 832)
4(831 830 832 833)
4(684 685 835 834)
4(833 832 834 835)
4(686 687 837 836)
4(835 834 836 837)
4(688 689 839 838)
4(837 836 838 839)
4(690 691 841 840)
4(839 838 840 841)
4(692 693 843 842)
4(841 840 842 843)
4(694 695 845 844)
4(843 842 844 845)
4(696 697 847 846)
4(845 844 846 847)
4(698 699 849 848)
4(847 846 848 849)
4(700 701 851 850)
4(849 848 850 851)
4(702 703 853 852)
4(851 850 852 853)
4(704 705 855 854)
4(853 852 854 855)
4(706 707 857 856)
4(855 854 856 857)
4(708 709 859 858)
4(857 856 858 859)
4(710 711 861 860)
4(859 858 860 861)
4(712 713 863 862)
4(861 860 862 863)
4(714 715 865 864)
4(863 862 864 865)
4(716 717 867 866)
4(865 864 866 867)
4(718 719 869 868)
4(867 866 868 869)
4(720 721 871 870)
4(869 868 870 871)
4(722 723 873 872)
4(871 870 872 873)
4(724 725 875 874)
4(873 872 874 875)
4(726 727 877 876)
4(875 874 876 877)
4(728 729 879 878)
4(877 876 878 879)
4(730 731 881 880)
4(879 878 880 881)
4(732 733 883 882)
4(881 880 882 883)
4(734 735 885 884)
4(883 882 884 885)
4(736 737 887 886)
4(885 884 886 887)
4(738 739 889 888)
4(887 886 888 889)
4(740 741 891 890)
4(889 888 890 891)
4(742 743 893 892)
4(891 890 892 893)
4(744 745 895 894)
4(893 892 894 895)
4(746 747 897 896)
4(895 894 896 897)
4(748 749 899 898)
4(897 896 898 899)
4(899 898 751 750)
4(752 753 903 902)
4(750 751 901 900)
4(900 901 902 903)
4(754 755 905 904)
4(903 902 904 905)
4(756 757 907 906)
4(905 904 906 907)
4(758 759 909 908)
4(907 906 908 909)
4(760 761 911 910)
4(909 908 910 911)
4(762 763 913 912)
4(911 910 912 913)
4(764 765 915 914)
4(913 912 914 915)
4(766 767 917 916)
4(915 914 916 917)
4(768 769 919 918)
4(917 916 918 919)
4(770 771 921 920)
4(919 918 920 921)
4(772 773 923 922)
4(921 920 922 923)
4(774 775 925 924)
4(923 922 924 925)
4(776 777 927 926)
4(925 924 926 927)
4(778 779 929 928)
4(927 926 928 929)
4(780 781 931 930)
4(929 928 930 931)
4(782 783 933 932)
4(931 930 932 933)
4(784 785 935 934)
4(933 932 934 935)
4(786 787 937 936)
4(935 934 936 937)
4(788 789 939 938)
4(937 936 938 939)
4(790 791 941 940)
4(939 938 940 941)
4(792 793 943 942)
4(941 940 942 943)
4(794 795 945 944)
4(943 942 944 945)
4(796 797 947 946)
4(945 944 946 947)
4(798 799 949 948)
4(947 946 948 949)
4(800 801 951 950)
4(949 948 950 951)
4(802 803 953 952)
4(951 950 952 953)
4(804 805 955 954)
4(953 952 954 955)
4(806 807 957 956)
4(955 954 956 957)
4(808 809 959 958)
4(957 956 958 959)
4(810 811 961 960)
4(959 958 960 961)
4(812 813 963 962)
4(961 960 962 963)
4(814 815 965 964)
4(963 962 964 965)
4(816 817 967 966)
4(965 964 966 967)
4(818 819 969 968)
4(967 966 968 969)
4(820 821 971 970)
4(969 968 970 971)
4(822 823 973 972)
4(971 970 972 973)
4(824 825 975 974)
4(973 972 974 975)
4(826 827 977 976)
4(975 974 976 977)
4(828 829 979 978)
4(977 976 978 979)
4(830 831 981 980)
4(979 978 980 981)
4(832 833 983 982)
4(981 980 982 983)
4(834 835 985 984)
4(983 982 984 985)
4(836 837 987 986)
4(985 984 986 987)
4(838 839 989 988)
4(987 986 988 989)
4(840 841 991 990)
4(989 988 990 991)
4(842 843 993 992)
4(991 990 992 993)
4(844 845 995 994)
4(993 992 994 995)
4(846 847 997 996)
4(995 994 996 997)
4(848 849 999 998)
4(997 996 998 999)
4(850 851 1001 1000)
4(999 998 1000 1001)
4(852 853 1003 1002)
4(1001 1000 1002 1003)
4(854 855 1005 1004)
4(1003 1002 1004 1005)
4(856 857 1007 1006)
4(1005 1004 1006 1007)
4(858 859 1009 1008)
4(1007 1006 1008 1009)
4(860 861 1011 1010)
4(1009 1008 1010 1011)
4(862 863 1013 1012)
4(1011 1010 1012 1013)
4(864 865 1015 1014)
4(1013 1012 1014 1015)
4(866 867 1017 1016)
4(1015 1014 1016 1017)
4(868 869 1019 1018)
4(1017 1016 1018 1019)
4(870 871 1021 1020)
4(1019 1018 1020 1021)
4(872 873 1023 1022)
4(1021 1020 1022 1023)
4(874 875 1025 1024)
4(1023 1022 1024 1025)
4(876 877 1027 1026)
4(1025 1024 1026 1027)
4(878 879 1029 1028)
4(1027 1026 1028 1029)
4(880 881 1031 1030)
4(1029 1028 1030 1031)
4(882 883 1033 1032)
4(1031 1030 1032 1033)
4(884 885 1035 1034)
4(1033 1032 1034 1035)
4(886 887 1037 1036)
4(1035 1034 1036 1037)
4(888 889 1039 1038)
4(1037 1036 1038 1039)
4(890 891 1041 1040)
4(1039 1038 1040 1041)
4(892 893 1043 1042)
4(1041 1040 1042 1043)
4(894 895 1045 1044)
4(1043 1042 1044 1045)
4(896 897 1047 1046)
4(1045 1044 1046 1047)
4(898 899 1049 1048)
4(1047 1046 1048 1049)
4(1049 1048 901 900)
4(902 903 1053 1052)
4(900 901 1051 1050)
4(1050 1051 1052 1053)
4(904 905 1055 1054)
4(1053 1052 1054 1055)
4(906 907 1057 1056)
4(1055 1054 1056 1057)
4(908 909 1059 1058)
4(1057 1056 1058 1059)
4(910 911 1061 1060)
4(1059 1058 1060 1061)
4(912 913 1063 1062)
4(1061 1060 1062 1063)
4(914 915 1065 1064)
4(1063 1062 1064 1065)
4(916 917 1067 1066)
4(1065 1064 1066 1067)
4(918 919 1069 1068)
4(1067 1066 1068 1069)
4(920 921 1071 1070)
4(1069 1068 1070 1071)
4(922 923 1073 1072)
4(1071 1070 1072 1073)
4(924 925 1075 1074)
4(1073 1072 1074 1075)
4(926 927 1077 1076)
4(1075 1074 1076 1077)
4(928 929 1079 1078)
4(1077 1076 1078 1079)
4(930 931 1081 1080)
4(1079 1078 1080 1081)
4(932 933 1083 1082)
4(1081 1080 1082 1083)
4(934 935 1085 1084)
4(1083 1082 1084 1085)
4(936 937 1087 1086)
4(1085 1084 1086 1087)
4(938 939 1089 1088)
4(1087 1086 1088 1089)
4(940 941 1091 1090)
4(1089 1088 1090 1091)
4(942 943 1093 1092)
4(1091 1090 1092 1093)
4(944 945 1095 1094)
4(1093 1092 1094 1095)
4(946 947 1097 1096)
4(1095 1094 1096 1097)
4(948 949 1099 1098)
4(1097 1096 1098 1099)
4(950 951 1101 1100)
4(1099 1098 1100 1101)
4(952 953 1103 1102)
4(1101 1100 1102 1103)
4(954 955 1105 1104)
4(1103 1102 1104 1105)
4(956 957 1107 1106)
4(1105 1104 1106 1107)
4(958 959 1109 1108)
4(1107 1106 1108 1109)
4(960 961 1111 1110)
4(1109 1108 1110 1111)
4(962 963 1113 1112)
4(1111 1110 1112 1113)
4(964 965 1115 1114)
4(1113 1112 1114 1115)
4(966 967 1117 1116)
4(1115 1114 1116 1117)
4(968 969 1119 1118)
4(1117 1116 1118 1119)
4(970 971 1121 1120)
4(1119 1118 1120 1121)
4(972 973 1123 1122)
4(1121 1120 1122 1123)
4(974 975 1125 1124)
4(1123 1122 1124 1125)
4(976 977 1127 1126)
4(1125 1124 1126 1127)
4(978 979 1129 1128)
4(1127 1126 1128 1129)
4(980 981 1131 1130)
4(1129 1128 1130 1131)
4(982 983 1133 1132)
4(1131 1130 1132 1133)
4(984 985 1135 1134)
4(1133 1132 1134 1135)
4(986 987 1137 1136)
4(1135 1134 1136 1137)
4(988 989 1139 1138)
4(1137 1136 1138 1139)
4(990 991 1141 1140)
4(1139 1138 1140 1141)
4(992 993 1143 1142)
4(1141 1140 1142 1143)
4(994 995 1145 1144)
4(1143 1142 1144 1145)
4(996 997 1147 1146)
4(1145 1144 1146 1147)
4(998 999 1149 1148)
4(1147 1146 1148 1149)
4(1000 1001 1151 1150)
4(1149 1148 1150 1151)
4(1002 1003 1153 1152)
4(1151 1150 1152 1153)
4(1004 1005 1155 1154)
4(1153 1152 1154 1155)
4(1006 1007 1157 1156)
4(1155 1154 1156 1157)
4(1008 1009 1159 1158)
4(1157 1156 1158 1159)
4(1010 1011 1161 1160)
4(1159 1158 1160 1161)
4(1012 1013 1163 1162)
4(1161 1160 1162 1163)
4(1014 1015 1165 1164)
4(1163 1162 1164 1165)
4(1016 1017 1167 1166)
4(1165 1164 1166 1167)
4(1018 1019 1169 1168)
4(1167 1166 1168 1169)
4(1020 1021 1171 1170)
4(1169 1168 1170 1171)
4(1022 1023 1173 1172)
4(1171 1170 1172 1173)
4(1024 1025 1175 1174)
4(1173 1172 1174 1175)
4(1026 1027 1177 1176)
4(1175 1174 1176 1177)
4(1028 1029 1179 1178)
4(1177 1176 1178 1179)
4(1030 1031 1181 1180)
4(1179 1178 1180 1181)
4(1032 1033 1183 1182)
4(1181 1180 1182 1183)
4(1034 1035 1185 1184)
4(1183 1182 1184 1185)
4(1036 1037 1187 1186)
4(1185 1184 1186 1187)
4(1038 1039 1189 1188)
4(1187 1186 1188 1189)
4(1040 1041 1191 1190)
4(1189 1188 1190 1191)
4(1042 1043 1193 1192)
4(1191 1190 1192 1193)
4(1044 1045 1195 1194)
4(1193 1192 1194 1195)
4(1046 1047 1197 1196)
4(1195 1194 1196 1197)
4(1048 1049 1199 1198)
4(1197 1196 1198 1199)
4(1199 1198 1051 1050)
4(1052 1053 1203 1202)
4(1050 1051 1201 1200)
4(1200 1201 1202 1203)
4(1054 1055 1205 1204)
4(1203 1202 1204 1205)
4(1056 1057 1207 1206)
4(1205 1204 1206 1207)
4(1058 1059 1209 1208)
4(1207 1206 1208 1209)
4(1060 1061 1211 1210)
4(1209 1208 1210 1211)
4(1062 1063 1213 1212)
4(1211 1210 1212 1213)
4(1064 1065 1215 1214)
4(1213 1212 1214 1215)
4(1066 1067 1217 1216)
4(1215 1214 1216 1217)
4(1068 1069 1219 1218)
4(1217 1216 1218 1219)
4(1070 1071 1221 1220)
4(1219 1218 1220 1221)
4(1072 1073 1223 1222)
4(1221 1220 1222 1223)
4(1074 1075 1225 1224)
4(1223 1222 1224 1225)
4(1076 1077 1227 1226)
4(1225 1224 1226 1227)
4(1078 1079 1229 1228)
4(1227 1226 1228 1229)
4(1080 1081 1231 1230)
4(1229 1228 1230 1231)
4(1082 1083 1233 1232)
4(1231 1230 1232 1233)
4(1084 1085 1235 1234)
4(1233 1232 1234 1235)
4(1086 1087 1237 1236)
4(1235 1234 1236 1237)
4(1088 1089 1239 1238)
4(1237 1236 1238 1239)
4(1090 1091 1241 1240)
4(1239 1238 1240 1241)
4(1092 1093 1243 1242)
4(1241 1240 1242 1243)
4(1094 1095 1245 1244)
4(1243 1242 1244 1245)
4(1096 1097 1247 1246)
4(1245 1244 1246 1247)
4(1098 1099 1249 1248)
4(1247 1246 1248 1249)
4(1100 1101 1251 1250)
4(1249 1248 1250 1251)
4(1102 1103 1253 1252)
4(1251 1250 1252 1253)
4(1104 1105 1255 1254)
4(1253 1252 1254 1255)
4(1106 1107 1257 1256)
4(1255 1254 1256 1257)
4(1108 1109 1259 1258)
4(1257 1256 1258 1259)
4(1110 1111 1261 1260)
4(1259 1258 1260 1261)
4(1112 1113 1263 1262)
4(1261 1260 1262 1263)
4(1114 1115 1265 1264)
4(1263 1262 1264 1265)
4(1116 1117 1267 1266)
4(1265 1264 1266 1267)
4(1118 1119 1269 1268)
4(1267 1266 1268 1269)
4(1120 1121 1271 1270)
4(1269 1268 1270 1271)
4(1122 1123 1273 1272)
4(1271 1270 1272 1273)
4(1124 1125 1275 1274)
4(1273 1272 1274 1275)
4(1126 1127 1277 1276)
4(1275 1274 1276 1277)
4(1128 1129 1279 1278)
4(1277 1276 1278 1279)
4(1130 1131 1281 1280)
4(1279 1278 1280 1281)
4(1132 1133 1283 1282)
4(1281 1280 1282 1283)
4(1134 1135 1285 1284)
4(1283 1282 1284 1285)
4(1136 1137 1287 1286)
4(1285 1284 1286 1287)
4(1138 1139 1289 1288)
4(1287 1286 1288 1289)
4(1140 1141 1291 1290)
4(1289 1288 1290 1291)
4(1142 1143 1293 1292)
4(1291 1290 1292 1293)
4(1144 1145 1295 1294)
4(1293 1292 1294 1295)
4(1146 1147 1297 1296)
4(1295 1294 1296 1297)
4(1148 1149 1299 1298)
4(1297 1296 1298 1299)
4(1150 1151 1301 1300)
4(1299 1298 1300 1301)
4(1152 1153 1303 1302)
4(1301 1300 1302 1303)
4(1154 1155 1305 1304)
4(1303 1302 1304 1305)
4(1156 1157 1307 1306)
4(1305 1304 1306 1307)
4(1158 1159 1309 1308)
4(1307 1306 1308 1309)
4(1160 1161 1311 1310)
4(1309 1308 1310 1311)
4(1162 1163 1313 1312)
4(1311 1310 1312 1313)
4(1164 1165 1315 1314)
4(1313 1312 1314 1315)
4(1166 1167 1317 1316)
4(1315 1314 1316 1317)
4(1168 1169 1319 1318)
4(1317 1316 1318 1319)
4(1170 1171 1321 1320)
4(1319 1318 1320 1321)
4(1172 1173 1323 1322)
4(1321 1320 1322 1323)
4(1174 1175 1325 1324)
4(1323 1322 1324 1325)
4(1176 1177 1327 1326)
4(1325 1324 1326 1327)
4(1178 1179 1329 1328)
4(1327 1326 1328 1329)
4(1180 1181 1331 1330)
4(1329 1328 1330 1331)
4(1182 1183 1333 1332)
4(1331 1330 1332 1333)
4(1184 1185 1335 1334)
4(1333 1332 1334 1335)
4(1186 1187 1337 1336)
4(1335 1334 1336 1337)
4(1188 1189 1339 1338)
4(1337 1336 1338 1339)
4(1190 1191 1341 1340)
4(1339 1338 1340 1341)
4(1192 1193 1343 1342)
4(1341 1340 1342 1343)
4(1194 1195 1345 1344)
4(1343 1342 1344 1345)
4(1196 1197 1347 1346)
4(1345 1344 1346 1347)
4(1198 1199 1349 1348)
4(1347 1346 1348 1349)
4(1349 1348 1201 1200)
4(1202 1203 1353 1352)
4(1200 1201 1351 1350)
4(1350 1351 1352 1353)
4(1204 1205 1355 1354)
4(1353 1352 1354 1355)
4(1206 1207 1357 1356)
4(1355 1354 1356 1357)
4(1208 1209 1359 1358)
4(1357 1356 1358 1359)
4(1210 1211 1361 1360)
4(1359 1358 1360 1361)
4(1212 1213 1363 1362)
4(1361 1360 1362 1363)
4(1214 1215 1365 1364)
4(1363 1362 1364 1365)
4(1216 1217 1367 1366)
4(1365 1364 1366 1367)
4(1218 1219 1369 1368)
4(1367 1366 1368 1369)
4(1220 1221 1371 1370)
4(1369 1368 1370 1371)
4(1222 1223 1373 1372)
4(1371 1370 1372 1373)
4(1224 1225 1375 1374)
4(1373 1372 1374 1375)
4(1226 1227 1377 1376)
4(1375 1374 1376 1377)
4(1228 1229 1379 1378)
4(1377 1376 1378 1379)
4(1230 1231 1381 1380)
4(1379 1378 1380 1381)
4(1232 1233 1383 1382)
4(1381 1380 1382 1383)
4(1234 1235 1385 1384)
4(1383 1382 1384 1385)
4(1236 1237 1387 1386)
4(1385 1384 1386 1387)
4(1238 1239 1389 1388)
4(1387 1386 1388 1389)
4(1240 1241 1391 1390)
4(1389 1388 1390 1391)
4(1242 1243 1393 1392)
4(1391 1390 1392 1393)
4(1244 1245 1395 1394)
4(1393 1392 1394 1395)
4(1246 1247 1397 1396)
4(1395 1394 1396 1397)
4(1248 1249 1399 1398)
4(1397 1396 1398 1399)
4(1250 1251 1401 1400)
4(1399 1398 1400 1401)
4(1252 1253 1403 1402)
4(1401 1400 1402 1403)
4(1254 1255 1405 1404)
4(1403 1402 1404 1405)
4(1256 1257 1407 1406)
4(1405 1404 1406 1407)
4(1258 1259 1409 1408)
4(1407 1406 1408 1409)
4(1260 1261 1411 1410)
4(1409 1408 1410 1411)
4(1262 1263 1413 1412)
4(1411 1410 1412 1413)
4(1264 1265 1415 1414)
4(1413 1412 1414 1415)
4(1266 1267 1417 1416)
4(1415 1414 1416 1417)
4(1268 1269 1419 1418)
4(1417 1416 1418 1419)
4(1270 1271 1421 1420)
4(1419 1418 1420 1421)
4(1272 1273 1423 1422)
4(1421 1420 1422 1423)
4(1274 1275 1425 1424)
4(1423 1422 1424 1425)
4(1276 1277 1427 1426)
4(1425 1424 1426 1427)
4(1278 1279 1429 1428)
4(1427 1426 1428 1429)
4(1280 1281 1431 1430)
4(1429 1428 1430 1431)
4(1282 1283 1433 1432)
4(1431 1430 1432 1433)
4(1284 1285 1435 1434)
4(1433 1432 1434 1435)
4(1286 1287 1437 1436)
4(1435 1434 1436 1437)
4(1288 1289 1439 1438)
4(1437 1436 1438 1439)
4(1290 1291 1441 1440)
4(1439 1438 1440 1441)
4(1292 1293 1443 1442)
4(1441 1440 1442 1443)
4(1294 1295 1445 1444)
4(1443 1442 1444 1445)
4(1296 1297 1447 1446)
4(1445 1444 1446 1447)
4(1298 1299 1449 1448)
4(1447 1446 1448 1449)
4(1300 1301 1451 1450)
4(1449 1448 1450 1451)
4(1302 1303 1453 1452)
4(1451 1450 1452 1453)
4(1304 1305 1455 1454)
4(1453 1452 1454 1455)
4(1306 1307 1457 1456)
4(1455 1454 1456 1457)
4(1308 1309 1459 1458)
4(1457 1456 1458 1459)
4(1310 1311 1461 1460)
4(1459 1458 1460 1461)
4(1312 1313 1463 1462)
4(1461 1460 1462 1463)
4(1314 1315 1465 1464)
4(1463 1462 1464 1465)
4(1316 1317 1467 1466)
4(1465 1464 1466 1467)
4(1318 1319 1469 1468)
4(1467 1466 1468 1469)
4(1320 1321 1471 1470)
4(1469 1468 1470 1471)
4(1322 1323 1473 1472)
4(1471 1470 1472 1473)
4(1324 1325 1475 1474)
4(1473 1472 1474 1475)
4(1326 1327 1477 1476)
4(1475 1474 1476 1477)
4(1328 1329 1479 1478)
4(1477 1476 1478 1479)
4(1330 1331 1481 1480)
4(1479 1478 1480 1481)
4(1332 1333 1483 1482)
4(1481 1480 1482 1483)
4(1334 1335 1485 1484)
4(1483 1482 1484 1485)
4(1336 1337 1487 1486)
4(1485 1484 1486 1487)
4(1338 1339 1489 1488)
4(1487 1486 1488 1489)
4(1340 1341 1491 1490)
4(1489 1488 1490 1491)
4(1342 1343 1493 1492)
4(1491 1490 1492 1493)
4(1344 1345 1495 1494)
4(1493 1492 1494 1495)
4(1346 1347 1497 1496)
4(1495 1494 1496 1497)
4(1348 1349 1499 1498)
4(1497 1496 1498 1499)
4(1499 1498 1351 1350)
4(1352 1353 1503 1502)
4(1350 1351 1501 1500)
4(1354 1355 1505 1504)
4(1356 1357 1507 1506)
4(1358 1359 1509 1508)
4(1360 1361 1511 1510)
4(1362 1363 1513 1512)
4(1364 1365 1515 1514)
4(1366 1367 1517 1516)
4(1368 1369 1519 1518)
4(1370 1371 1521 1520)
4(1372 1373 1523 1522)
4(1374 1375 1525 1524)
4(1376 1377 1527 1526)
4(1378 1379 1529 1528)
4(1380 1381 1531 1530)
4(1382 1383 1533 1532)
4(1384 1385 1535 1534)
4(1386 1387 1537 1536)
4(1388 1389 1539 1538)
4(1390 1391 1541 1540)
4(1392 1393 1543 1542)
4(1394 1395 1545 1544)
4(1396 1397 1547 1546)
4(1398 1399 1549 1548)
4(1400 1401 1551 1550)
4(1402 1403 1553 1552)
4(1404 1405 1555 1554)
4(1406 1407 1557 1556)
4(1408 1409 1559 1558)
4(1410 1411 1561 1560)
4(1412 1413 1563 1562)
4(1414 1415 1565 1564)
4(1416 1417 1567 1566)
4(1418 1419 1569 1568)
4(1420 1421 1571 1570)
4(1422 1423 1573 1572)
4(1424 1425 1575 1574)
4(1426 1427 1577 1576)
4(1428 1429 1579 1578)
4(1430 1431 1581 1580)
4(1432 1433 1583 1582)
4(1434 1435 1585 1584)
4(1436 1437 1587 1586)
4(1438 1439 1589 1588)
4(1440 1441 1591 1590)
4(1442 1443 1593 1592)
4(1444 1445 1595 1594)
4(1446 1447 1597 1596)
4(1448 1449 1599 1598)
4(1450 1451 1601 1600)
4(1452 1453 1603 1602)
4(1454 1455 1605 1604)
4(1456 1457 1607 1606)
4(1458 1459 1609 1608)
4(1460 1461 1611 1610)
4(1462 1463 1613 1612)
4(1464 1465 1615 1614)
4(1466 1467 1617 1616)
4(1468 1469 1619 1618)
4(1470 1471 1621 1620)
4(1472 1473 1623 1622)
4(1474 1475 1625 1624)
4(1476 1477 1627 1626)
4(1478 1479 1629 1628)
4(1480 1481 1631 1630)
4(1482 1483 1633 1632)
4(1484 1485 1635 1634)
4(1486 1487 1637 1636)
4(1488 1489 1639 1638)
4(1490 1491 1641 1640)
4(1492 1493 1643 1642)
4(1494 1495 1645 1644)
4(1496 1497 1647 1646)
4(1498 1499 1649 1648)
4(1500 1501 1502 1503)
4(1503 1502 1504 1505)
4(1505 1504 1506 1507)
4(1507 1506 1508 1509)
4(1509 1508 1510 1511)
4(1511 1510 1512 1513)
4(1513 1512 1514 1515)
4(1515 1514 1516 1517)
4(1517 1516 1518 1519)
4(1519 1518 1520 1521)
4(1521 1520 1522 1523)
4(1523 1522 1524 1525)
4(1525 1524 1526 1527)
4(1527 1526 1528 1529)
4(1529 1528 1530 1531)
4(1531 1530 1532 1533)
4(1533 1532 1534 1535)
4(1535 1534 1536 1537)
4(1537 1536 1538 1539)
4(1539 1538 1540 1541)
4(1541 1540 1542 1543)
4(1543 1542 1544 1545)
4(1545 1544 1546 1547)
4(1547 1546 1548 1549)
4(1549 1548 1550 1551)
4(1551 1550 1552 1553)
4(1553 1552 1554 1555)
4(1555 1554 1556 1557)
4(1557 1556 1558 1559)
4(1559 1558 1560 1561)
4(1561 1560 1562 1563)
4(1563 1562 1564 1565)
4(1565 1564 1566 1567)
4(1567 1566 1568 1569)
4(1569 1568 1570 1571)
4(1571 1570 1572 1573)
4(1573 1572 1574 1575)
4(1575 1574 1576 1577)
4(1577 1576 1578 1579)
4(1579 1578 1580 1581)
4(1581 1580 1582 1583)
4(1583 1582 1584 1585)
4(1585 1584 1586 1587)
4(1587 1586 1588 1589)
4(1589 1588 1590 1591)
4(1591 1590 1592 1593)
4(1593 1592 1594 1595)
4(1595 1594 1596 1597)
4(1597 1596 1598 1599)
4(1599 1598 1600 1601)
4(1601 1600 1602 1603)
4(1603 1602 1604 1605)
4(1605 1604 1606 1607)
4(1607 1606 1608 1609)
4(1609 1608 1610 1611)
4(1611 1610 1612 1613)
4(1613 1612 1614 1615)
4(1615 1614 1616 1617)
4(1617 1616 1618 1619)
4(1619 1618 1620 1621)
4(1621 1620 1622 1623)
4(1623 1622 1624 1625)
4(1625 1624 1626 1627)
4(1627 1626 1628 1629)
4(1629 1628 1630 1631)
4(1631 1630 1632 1633)
4(1633 1632 1634 1635)
4(1635 1634 1636 1637)
4(1637 1636 1638 1639)
4(1639 1638 1640 1641)
4(1641 1640 1642 1643)
4(1643 1642 1644 1645)
4(1645 1644 1646 1647)
4(1647 1646 1648 1649)
4(1649 1648 1501 1500)
4(0 3 2 1)
4(3 5 4 2)
4(5 7 6 4)
4(7 9 8 6)
4(9 11 10 8)
4(11 13 12 10)
4(13 15 14 12)
4(15 17 16 14)
4(17 19 18 16)
4(19 21 20 18)
4(21 23 22 20)
4(23 25 24 22)
4(25 27 26 24)
4(27 29 28 26)
4(29 31 30 28)
4(31 33 32 30)
4(33 35 34 32)
4(35 37 36 34)
4(37 39 38 36)
4(39 41 40 38)
4(41 43 42 40)
4(43 45 44 42)
4(45 47 46 44)
4(47 49 48 46)
4(49 51 50 48)
4(51 53 52 50)
4(53 55 54 52)
4(55 57 56 54)
4(57 59 58 56)
4(59 61 60 58)
4(61 63 62 60)
4(63 65 64 62)
4(65 67 66 64)
4(67 69 68 66)
4(69 71 70 68)
4(71 73 72 70)
4(73 75 74 72)
4(75 77 76 74)
4(77 79 78 76)
4(79 81 80 78)
4(81 83 82 80)
4(83 85 84 82)
4(85 87 86 84)
4(87 89 88 86)
4(89 91 90 88)
4(91 93 92 90)
4(93 95 94 92)
4(95 97 96 94)
4(97 99 98 96)
4(99 101 100 98)
4(101 103 102 100)
4(103 105 104 102)
4(105 107 106 104)
4(107 109 108 106)
4(109 111 110 108)
4(111 113 112 110)
4(113 115 114 112)
4(115 117 116 114)
4(117 119 118 116)
4(119 121 120 118)
4(121 123 122 120)
4(123 125 124 122)
4(125 127 126 124)
4(127 129 128 126)
4(129 131 130 128)
4(131 133 132 130)
4(133 135 134 132)
4(135 137 136 134)
4(137 139 138 136)
4(139 141 140 138)
4(141 143 142 140)
4(143 145 144 142)
4(145 147 146 144)
4(147 149 148 146)
4(149 0 1 148)
4(1 2 152 151)
4(3 0 150 153)
4(2 4 154 152)
4(5 3 153 155)
4(4 6 156 154)
4(7 5 155 157)
4(6 8 158 156)
4(9 7 157 159)
4(8 10 160 158)
4(11 9 159 161)
4(10 12 162 160)
4(13 11 161 163)
4(12 14 164 162)
4(15 13 163 165)
4(14 16 166 164)
4(17 15 165 167)
4(16 18 168 166)
4(19 17 167 169)
4(18 20 170 168)
4(21 19 169 171)
4(20 22 172 170)
4(23 21 171 173)
4(22 24 174 172)
4(25 23 173 175)
4(24 26 176 174)
4(27 25 175 177)
4(26 28 178 176)
4(29 27 177 179)
4(28 30 180 178)
4(31 29 179 181)
4(30 32 182 180)
4(33 31 181 183)
4(32 34 184 182)
4(35 33 183 185)
4(34 36 186 184)
4(37 35 185 187)
4(36 38 188 186)
4(39 37 187 189)
4(38 40 190 188)
4(41 39 189 191)
4(40 42 192 190)
4(43 41 191 193)
4(42 44 194 192)
4(45 43 193 195)
4(44 46 196 194)
4(47 45 195 197)
4(46 48 198 196)
4(49 47 197 199)
4(48 50 200 198)
4(51 49 199 201)
4(50 52 202 200)
4(53 51 201 203)
4(52 54 204 202)
4(55 53 203 205)
4(54 56 206 204)
4(57 55 205 207)
4(56 58 208 206)
4(59 57 207 209)
4(58 60 210 208)
4(61 59 209 211)
4(60 62 212 210)
4(63 61 211 213)
4(62 64 214 212)
4(65 63 213 215)
4(64 66 216 214)
4(67 65 215 217)
4(66 68 218 216)
4(69 67 217 219)
4(68 70 220 218)
4(71 69 219 221)
4(70 72 222 220)
4(73 71 221 223)
4(72 74 224 222)
4(75 73 223 225)
4(74 76 226 224)
4(77 75 225 227)
4(76 78 228 226)
4(79 77 227 229)
4(78 80 230 228)
4(81 79 229 231)
4(80 82 232 230)
4(83 81 231 233)
4(82 84 234 232)
4(85 83 233 235)
4(84 86 236 234)
4(87 85 235 237)
4(86 88 238 236)
4(89 87 237 239)
4(88 90 240 238)
4(91 89 239 241)
4(90 92 242 240)
4(93 91 241 243)
4(92 94 244 242)
4(95 93 243 245)
4(94 96 246 244)
4(97 95 245 247)
4(96 98 248 246)
4(99 97 247 249)
4(98 100 250 248)
4(101 99 249 251)
4(100 102 252 250)
4(103 101 251 253)
4(102 104 254 252)
4(105 103 253 255)
4(104 106 256 254)
4(107 105 255 257)
4(106 108 258 256)
4(109 107 257 259)
4(108 110 260 258)
4(111 109 259 261)
4(110 112 262 260)
4(113 111 261 263)
4(112 114 264 262)
4(115 113 263 265)
4(114 116 266 264)
4(117 115 265 267)
4(116 118 268 266)
4(119 117 267 269)
4(118 120 270 268)
4(121 119 269 271)
4(120 122 272 270)
4(123 121 271 273)
4(122 124 274 272)
4(125 123 273 275)
4(124 126 276 274)
4(127 125 275 277)
4(126 128 278 276)
4(129 127 277 279)
4(128 130 280 278)
4(131 129 279 281)
4(130 132 282 280)
4(133 131 281 283)
4(132 134 284 282)
4(135 133 283 285)
4(134 136 286 284)
4(137 135 285 287)
4(136 138 288 286)
4(139 137 287 289)
4(138 140 290 288)
4(141 139 289 291)
4(140 142 292 290)
4(143 141 291 293)
4(142 144 294 292)
4(145 143 293 295)
4(144 146 296 294)
4(147 145 295 297)
4(146 148 298 296)
4(149 147 297 299)
4(148 1 151 298)
4(0 149 299 150)
4(151 152 302 301)
4(153 150 300 303)
4(152 154 304 302)
4(155 153 303 305)
4(154 156 306 304)
4(157 155 305 307)
4(156 158 308 306)
4(159 157 307 309)
4(158 160 310 308)
4(161 159 309 311)
4(160 162 312 310)
4(163 161 311 313)
4(162 164 314 312)
4(165 163 313 315)
4(164 166 316 314)
4(167 165 315 317)
4(166 168 318 316)
4(169 167 317 319)
4(168 170 320 318)
4(171 169 319 321)
4(170 172 322 320)
4(173 171 321 323)
4(172 174 324 322)
4(175 173 323 325)
4(174 176 326 324)
4(177 175 325 327)
4(176 178 328 326)
4(179 177 327 329)
4(178 180 330 328)
4(181 179 329 331)
4(180 182 332 330)
4(183 181 331 333)
4(182 184 334 332)
4(185 183 333 335)
4(184 186 336 334)
4(187 185 335 337)
4(186 188 338 336)
4(189 187 337 339)
4(188 190 340 338)
4(191 189 339 341)
4(190 192 342 340)
4(193 191 341 343)
4(192 194 344 342)
4(195 193 343 345)
4(194 196 346 344)
4(197 195 345 347)
4(196 198 348 346)
4(199 197 347 349)
4(198 200 350 348)
4(201 199 349 351)
4(200 202 352 350)
4(203 201 351 353)
4(202 204 354 352)
4(205 203 353 355)
4(204 206 356 354)
4(207 205 355 357)
4(206 208 358 356)
4(209 207 357 359)
4(208 210 360 358)
4(211 209 359 361)
4(210 212 362 360)
4(213 211 361 363)
4(212 214 364 362)
4(215 213 363 365)
4(214 216 366 364)
4(217 215 365 367)
4(216 218 368 366)
4(219 217 367 369)
4(218 220 370 368)
4(221 219 369 371)
4(220 222 372 370)
4(223 221 371 373)
4(222 224 374 372)
4(225 223 373 375)
4(224 226 376 374)
4(227 225 375 377)
4(226 228 378 376)
4(229 227 377 379)
4(228 230 380 378)
4(231 229 379 381)
4(230 232 382 380)
4(233 231 381 383)
4(232 234 384 382)
4(235 233 383 385)
4(234 236 386 384)
4(237 235 385 387)
4(236 238 388 386)
4(239 237 387 389)
4(238 240 390 388)
4(241 239 389 391)
4(240 242 392 390)
4(243 241 391 393)
4(242 244 394 392)
4(245 243 393 395)
4(244 246 396 394)
4(247 245 395 397)
4(246 248 398 396)
4(249 247 397 399)
4(248 250 400 398)
4(251 249 399 401)
4(250 252 402 400)
4(253 251 401 403)
4(252 254 404 402)
4(255 253 403 405)
4(254 256 406 404)
4(257 255 405 407)
4(256 258 408 406)
4(259 257 407 409)
4(258 260 410 408)
4(261 259 409 411)
4(260 262 412 410)
4(263 261 411 413)
4(262 264 414 412)
4(265 263 413 415)
4(264 266 416 414)
4(267 265 415 417)
4(266 268 418 416)
4(269 267 417 419)
4(268 270 420 418)
4(271 269 419 421)
4(270 272 422 420)
4(273 271 421 423)
4(272 274 424 422)
4(275 273 423 425)
4(274 276 426 424)
4(277 275 425 427)
4(276 278 428 426)
4(279 277 427 429)
4(278 280 430 428)
4(281 279 429 431)
4(280 282 432 430)
4(283 281 431 433)
4(282 284 434 432)
4(285 283 433 435)
4(284 286 436 434)
4(287 285 435 437)
4(286 288 438 436)
4(289 287 437 439)
4(288 290 440 438)
4(291 289 439 441)
4(290 292 442 440)
4(293 291 441 443)
4(292 294 444 442)
4(295 293 443 445)
4(294 296 446 444)
4(297 295 445 447)
4(296 298 448 446)
4(299 297 447 449)
4(298 151 301 448)
4(150 299 449 300)
4(301 302 452 451)
4(303 300 450 453)
4(302 304 454 452)
4(305 303 453 455)
4(304 306 456 454)
4(307 305 455 457)
4(306 308 458 456)
4(309 307 457 459)
4(308 310 460 458)
4(311 309 459 461)
4(310 312 462 460)
4(313 311 461 463)
4(312 314 464 462)
4(315 313 463 465)
4(314 316 466 464)
4(317 315 465 467)
4(316 318 468 466)
4(319 317 467 469)
4(318 320 470 468)
4(321 319 469 471)
4(320 322 472 470)
4(323 321 471 473)
4(322 324 474 472)
4(325 323 473 475)
4(324 326 476 474)
4(327 325 475 477)
4(326 328 478 476)
4(329 327 477 479)
4(328 330 480 478)
4(331 329 479 481)
4(330 332 482 480)
4(333 331 481 483)
4(332 334 484 482)
4(335 333 483 485)
4(334 336 486 484)
4(337 335 485 487)
4(336 338 488 486)
4(339 337 487 489)
4(338 340 490 488)
4(341 339 489 491)
4(340 342 492 490)
4(343 341 491 493)
4(342 344 494 492)
4(345 343 493 495)
4(344 346 496 494)
4(347 345 495 497)
4(346 348 498 496)
4(349 347 497 499)
4(348 350 500 498)
4(351 349 499 501)
4(350 352 502 500)
4(353 351 501 503)
4(352 354 504 502)
4(355 353 503 505)
4(354 356 506 504)
4(357 355 505 507)
4(356 358 508 506)
4(359 357 507 509)
4(358 360 510 508)
4(361 359 509 511)
4(360 362 512 510)
4(363 361 511 513)
4(362 364 514 512)
4(365 363 513 515)
4(364 366 516 514)
4(367 365 515 517)
4(366 368 518 516)
4(369 367 517 519)
4(368 370 520 518)
4(371 369 519 521)
4(370 372 522 520)
4(373 371 521 523)
4(372 374 524 522)
4(375 373 523 525)
4(374 376 526 524)
4(377 375 525 527)
4(376 378 528 526)
4(379 377 527 529)
4(378 380 530 528)
4(381 379 529 531)
4(380 382 532 530)
4(383 381 531 533)
4(382 384 534 532)
4(385 383 533 535)
4(384 386 536 534)
4(387 385 535 537)
4(386 388 538 536)
4(389 387 537 539)
4(388 390 540 538)
4(391 389 539 541)
4(390 392 542 540)
4(393 391 541 543)
4(392 394 544 542)
4(395 393 543 545)
4(394 396 546 544)
4(397 395 545 547)
4(396 398 548 546)
4(399 397 547 549)
4(398 400 550 548)
4(401 399 549 551)
4(400 402 552 550)
4(403 401 551 553)
4(402 404 554 552)
4(405 403 553 555)
4(404 406 556 554)
4(407 405 555 557)
4(406 408 558 556)
4(409 407 557 559)
4(408 410 560 558)
4(411 409 559 561)
4(410 412 562 560)
4(413 411 561 563)
4(412 414 564 562)
4(415 413 563 565)
4(414 416 566 564)
4(417 415 565 567)
4(416 418 568 566)
4(419 417 567 569)
4(418 420 570 568)
4(421 419 569 571)
4(420 422 572 570)
4(423 421 571 573)
4(422 424 574 572)
4(425 423 573 575)
4(424 426 576 574)
4(427 425 575 577)
4(426 428 578 576)
4(429 427 577 579)
4(428 430 580 578)
4(431 429 579 581)
4(430 432 582 580)
4(433 431 581 583)
4(432 434 584 582)
4(435 433 583 585)
4(434 436 586 584)
4(437 435 585 587)
4(436 438 588 586)
4(439 437 587 589)
4(438 440 590 588)
4(441 439 589 591)
4(440 442 592 590)
4(443 441 591 593)
4(442 444 594 592)
4(445 443 593 595)
4(444 446 596 594)
4(447 445 595 597)
4(446 448 598 596)
4(449 447 597 599)
4(448 301 451 598)
4(300 449 599 450)
4(451 452 602 601)
4(453 450 600 603)
4(452 454 604 602)
4(455 453 603 605)
4(454 456 606 604)
4(457 455 605 607)
4(456 458 608 606)
4(459 457 607 609)
4(458 460 610 608)
4(461 459 609 611)
4(460 462 612 610)
4(463 461 611 613)
4(462 464 614 612)
4(465 463 613 615)
4(464 466 616 614)
4(467 465 615 617)
4(466 468 618 616)
4(469 467 617 619)
4(468 470 620 618)
4(471 469 619 621)
4(470 472 622 620)
4(473 471 621 623)
4(472 474 624 622)
4(475 473 623 625)
4(474 476 626 624)
4(477 475 625 627)
4(476 478 628 626)
4(479 477 627 629)
4(478 480 630 628)
4(481 479 629 631)
4(480 482 632 630)
4(483 481 631 633)
4(482 484 634 632)
4(485 483 633 635)
4(484 486 636 634)
4(487 485 635 637)
4(486 488 638 636)
4(489 487 637 639)
4(488 490 640 638)
4(491 489 639 641)
4(490 492 642 640)
4(493 491 641 643)
4(492 494 644 642)
4(495 493 643 645)
4(494 496 646 644)
4(497 495 645 647)
4(496 498 648 646)
4(499 497 647 649)
4(498 500 650 648)
4(501 499 649 651)
4(500 502 652 650)
4(503 501 651 653)
4(502 504 654 652)
4(505 503 653 655)
4(504 506 656 654)
4(507 505 655 657)
4(506 508 658 656)
4(509 507 657 659)
4(508 510 660 658)
4(511 509 659 661)
4(510 512 662 660)
4(513 511 661 663)
4(512 514 664 662)
4(515 513 663 665)
4(514 516 666 664)
4(517 515 665 667)
4(516 518 668 666)
4(519 517 667 669)
4(518 520 670 668)
4(521 519 669 671)
4(520 522 672 670)
4(523 521 671 673)
4(522 524 674 672)
4(525 523 673 675)
4(524 526 676 674)
4(527 525 675 677)
4(526 528 678 676)
4(529 527 677 679)
4(528 530 680 678)
4(531 529 679 681)
4(530 532 682 680)
4(533 531 681 683)
4(532 534 684 682)
4(535 533 683 685)
4(534 536 686 684)
4(537 535 685 687)
4(536 538 688 686)
4(539 537 687 689)
4(538 540 690 688)
4(541 539 689 691)
4(540 542 692 690)
4(543 541 691 693)
4(542 544 694 692)
4(545 543 693 695)
4(544 546 696 694)
4(547 545 695 697)
4(546 548 698 696)
4(549 547 697 699)
4(548 550 700 698)
4(551 549 699 701)
4(550 552 702 700)
4(553 551 701 703)
4(552 554 704 702)
4(555 553 703 705)
4(554 556 706 704)
4(557 555 705 707)
4(556 558 708 706)
4(559 557 707 709)
4(558 560 710 708)
4(561 559 709 711)
4(560 562 712 710)
4(563 561 711 713)
4(562 564 714 712)
4(565 563 713 715)
4(564 566 716 714)
4(567 565 715 717)
4(566 568 718 716)
4(569 567 717 719)
4(568 570 720 718)
4(571 569 719 721)
4(570 572 722 720)
4(573 571 721 723)
4(572 574 724 722)
4(575 573 723 725)
4(574 576 726 724)
4(577 575 725 727)
4(576 578 728 726)
4(579 577 727 729)
4(578 580 730 728)
4(581 579 729 731)
4(580 582 732 730)
4(583 581 731 733)
4(582 584 734 732)
4(585 583 733 735)
4(584 586 736 734)
4(587 585 735 737)
4(586 588 738 736)
4(589 587 737 739)
4(588 590 740 738)
4(591 589 739 741)
4(590 592 742 740)
4(593 591 741 743)
4(592 594 744 742)
4(595 593 743 745)
4(594 596 746 744)
4(597 595 745 747)
4(596 598 748 746)
4(599 597 747 749)
4(598 451 601 748)
4(450 599 749 600)
4(601 602 752 751)
4(603 600 750 753)
4(602 604 754 752)
4(605 603 753 755)
4(604 606 756 754)
4(607 605 755 757)
4(606 608 758 756)
4(609 607 757 759)
4(608 610 760 758)
4(611 609 759 761)
4(610 612 762 760)
4(613 611 761 763)
4(612 614 764 762)
4(615 613 763 765)
4(614 616 766 764)
4(617 615 765 767)
4(616 618 768 766)
4(619 617 767 769)
4(618 620 770 768)
4(621 619 769 771)
4(620 622 772 770)
4(623 621 771 773)
4(622 624 774 772)
4(625 623 773 775)
4(624 626 776 774)
4(627 625 775 777)
4(626 628 778 776)
4(629 627 777 779)
4(628 630 780 778)
4(631 629 779 781)
4(630 632 782 780)
4(633 631 781 783)
4(632 634 784 782)
4(635 633 783 785)
4(634 636 786 784)
4(637 635 785 787)
4(636 638 788 786)
4(639 637 787 789)
4(638 640 790 788)
4(641 639 789 791)
4(640 642 792 790)
4(643 641 791 793)
4(642 644 794 792)
4(645 643 793 795)
4(644 646 796 794)
4(647 645 795 797)
4(646 648 798 796)
4(649 647 797 799)
4(648 650 800 798)
4(651 649 799 801)
4(650 652 802 800)
4(653 651 801 803)
4(652 654 804 802)
4(655 653 803 805)
4(654 656 806 804)
4(657 655 805 807)
4(656 658 808 806)
4(659 657 807 809)
4(658 660 810 808)
4(661 659 809 811)
4(660 662 812 810)
4(663 661 811 813)
4(662 664 814 812)
4(665 663 813 815)
4(664 666 816 814)
4(667 665 815 817)
4(666 668 818 816)
4(669 667 817 819)
4(668 670 820 818)
4(671 669 819 821)
4(670 672 822 820)
4(673 671 821 823)
4(672 674 824 822)
4(675 673 823 825)
4(674 676 826 824)
4(677 675 825 827)
4(676 678 828 826)
4(679 677 827 829)
4(678 680 830 828)
4(681 679 829 831)
4(680 682 832 830)
4(683 681 831 833)
4(682 684 834 832)
4(685 683 833 835)
4(684 686 836 834)
4(687 685 835 837)
4(686 688 838 836)
4(689 687 837 839)
4(688 690 840 838)
4(691 689 839 841)
4(690 692 842 840)
4(693 691 841 843)
4(692 694 844 842)
4(695 693 843 845)
4(694 696 846 844)
4(697 695 845 847)
4(696 698 848 846)
4(699 697 847 849)
4(698 700 850 848)
4(701 699 849 851)
4(700 702 852 850)
4(703 701 851 853)
4(702 704 854 852)
4(705 703 853 855)
4(704 706 856 854)
4(707 705 855 857)
4(706 708 858 856)
4(709 707 857 859)
4(708 710 860 858)
4(711 709 859 861)
4(710 712 862 860)
4(713 711 861 863)
4(712 714 864 862)
4(715 713 863 865)
4(714 716 866 864)
4(717 715 865 867)
4(716 718 868 866)
4(719 717 867 869)
4(718 720 870 868)
4(721 719 869 871)
4(720 722 872 870)
4(723 721 871 873)
4(722 724 874 872)
4(725 723 873 875)
4(724 726 876 874)
4(727 725 875 877)
4(726 728 878 876)
4(729 727 877 879)
4(728 730 880 878)
4(731 729 879 881)
4(730 732 882 880)
4(733 731 881 883)
4(732 734 884 882)
4(735 733 883 885)
4(734 736 886 884)
4(737 735 885 887)
4(736 738 888 886)
4(739 737 887 889)
4(738 740 890 888)
4(741 739 889 891)
4(740 742 892 890)
4(743 741 891 893)
4(742 744 894 892)
4(745 743 893 895)
4(744 746 896 894)
4(747 745 895 897)
4(746 748 898 896)
4(749 747 897 899)
4(748 601 751 898)
4(600 749 899 750)
4(751 752 902 901)
4(753 750 900 903)
4(752 754 904 902)
4(755 753 903 905)
4(754 756 906 904)
4(757 755 905 907)
4(756 758 908 906)
4(759 757 907 909)
4(758 760 910 908)
4(761 759 909 911)
4(760 762 912 910)
4(763 761 911 913)
4(762 764 914 912)
4(765 763 913 915)
4(764 766 916 914)
4(767 765 915 917)
4(766 768 918 916)
4(769 767 917 919)
4(768 770 920 918)
4(771 769 919 921)
4(770 772 922 920)
4(773 771 921 923)
4(772 774 924 922)
4(775 773 923 925)
4(774 776 926 924)
4(777 775 925 927)
4(776 778 928 926)
4(779 777 927 929)
4(778 780 930 928)
4(781 779 929 931)
4(780 782 932 930)
4(783 781 931 933)
4(782 784 934 932)
4(785 783 933 935)
4(784 786 936 934)
4(787 785 935 937)
4(786 788 938 936)
4(789 787 937 939)
4(788 790 940 938)
4(791 789 939 941)
4(790 792 942 940)
4(793 791 941 943)
4(792 794 944 942)
4(795 793 943 945)
4(794 796 946 944)
4(797 795 945 947)
4(796 798 948 946)
4(799 797 947 949)
4(798 800 950 948)
4(801 799 949 951)
4(800 802 952 950)
4(803 801 951 953)
4(802 804 954 952)
4(805 803 953 955)
4(804 806 956 954)
4(807 805 955 957)
4(806 808 958 956)
4(809 807 957 959)
4(808 810 960 958)
4(811 809 959 961)
4(810 812 962 960)
4(813 811 961 963)
4(812 814 964 962)
4(815 813 963 965)
4(814 816 966 964)
4(817 815 965 967)
4(816 818 968 966)
4(819 817 967 969)
4(818 820 970 968)
4(821 819 969 971)
4(820 822 972 970)
4(823 821 971 973)
4(822 824 974 972)
4(825 823 973 975)
4(824 826 976 974)
4(827 825 975 977)
4(826 828 978 976)
4(829 827 977 979)
4(828 830 980 978)
4(831 829 979 981)
4(830 832 982 980)
4(833 831 981 983)
4(832 834 984 982)
4(835 833 983 985)
4(834 836 986 984)
4(837 835 985 987)
4(836 838 988 986)
4(839 837 987 989)
4(838 840 990 988)
4(841 839 989 991)
4(840 842 992 990)
4(843 841 991 993)
4(842 844 994 992)
4(845 843 993 995)
4(844 846 996 994)
4(847 845 995 997)
4(846 848 998 996)
4(849 847 997 999)
4(848 850 1000 998)
4(851 849 999 1001)
4(850 852 1002 1000)
4(853 851 1001 1003)
4(852 854 1004 1002)
4(855 853 1003 1005)
4(854 856 1006 1004)
4(857 855 1005 1007)
4(856 858 1008 1006)
4(859 857 1007 1009)
4(858 860 1010 1008)
4(861 859 1009 1011)
4(860 862 1012 1010)
4(863 861 1011 1013)
4(862 864 1014 1012)
4(865 863 1013 1015)
4(864 866 1016 1014)
4(867 865 1015 1017)
4(866 868 1018 1016)
4(869 867 1017 1019)
4(868 870 1020 1018)
4(871 869 1019 1021)
4(870 872 1022 1020)
4(873 871 1021 1023)
4(872 874 1024 1022)
4(875 873 1023 1025)
4(874 876 1026 1024)
4(877 875 1025 1027)
4(876 878 1028 1026)
4(879 877 1027 1029)
4(878 880 1030 1028)
4(881 879 1029 1031)
4(880 882 1032 1030)
4(883 881 1031 1033)
4(882 884 1034 1032)
4(885 883 1033 1035)
4(884 886 1036 1034)
4(887 885 1035 1037)
4(886 888 1038 1036)
4(889 887 1037 1039)
4(888 890 1040 1038)
4(891 889 1039 1041)
4(890 892 1042 1040)
4(893 891 1041 1043)
4(892 894 1044 1042)
4(895 893 1043 1045)
4(894 896 1046 1044)
4(897 895 1045 1047)
4(896 898 1048 1046)
4(899 897 1047 1049)
4(898 751 901 1048)
4(750 899 1049 900)
4(901 902 1052 1051)
4(903 900 1050 1053)
4(902 904 1054 1052)
4(905 903 1053 1055)
4(904 906 1056 1054)
4(907 905 1055 1057)
4(906 908 1058 1056)
4(909 907 1057 1059)
4(908 910 1060 1058)
4(911 909 1059 1061)
4(910 912 1062 1060)
4(913 911 1061 1063)
4(912 914 1064 1062)
4(915 913 1063 1065)
4(914 916 1066 1064)
4(917 915 1065 1067)
4(916 918 1068 1066)
4(919 917 1067 1069)
4(918 920 1070 1068)
4(921 919 1069 1071)
4(920 922 1072 1070)
4(923 921 1071 1073)
4(922 924 1074 1072)
4(925 923 1073 1075)
4(924 926 1076 1074)
4(927 925 1075 1077)
4(926 928 1078 1076)
4(929 927 1077 1079)
4(928 930 1080 1078)
4(931 929 1079 1081)
4(930 932 1082 1080)
4(933 931 1081 1083)
4(932 934 1084 1082)
4(935 933 1083 1085)
4(934 936 1086 1084)
4(937 935 1085 1087)
4(936 938 1088 1086)
4(939 937 1087 1089)
4(938 940 1090 1088)
4(941 939 1089 1091)
4(940 942 1092 1090)
4(943 941 1091 1093)
4(942 944 1094 1092)
4(945 943 1093 1095)
4(944 946 1096 1094)
4(947 945 1095 1097)
4(946 948 1098 1096)
4(949 947 1097 1099)
4(948 950 1100 1098)
4(951 949 1099 1101)
4(950 952 1102 1100)
4(953 951 1101 1103)
4(952 954 1104 1102)
4(955 953 1103 1105)
4(954 956 1106 1104)
4(957 955 1105 1107)
4(956 958 1108 1106)
4(959 957 1107 1109)
4(958 960 1110 1108)
4(961 959 1109 1111)
4(960 962 1112 1110)
4(963 961 1111 1113)
4(962 964 1114 1112)
4(965 963 1113 1115)
4(964 966 1116 1114)
4(967 965 1115 1117)
4(966 968 1118 1116)
4(969 967 1117 1119)
4(968 970 1120 1118)
4(971 969 1119 1121)
4(970 972 1122 1120)
4(973 971 1121 1123)
4(972 974 1124 1122)
4(975 973 1123 1125)
4(974 976 1126 1124)
4(977 975 1125 1127)
4(976 978 1128 1126)
4(979 977 1127 1129)
4(978 980 1130 1128)
4(981 979 1129 1131)
4(980 982 1132 1130)
4(983 981 1131 1133)
4(982 984 1134 1132)
4(985 983 1133 1135)
4(984 986 1136 1134)
4(987 985 1135 1137)
4(986 988 1138 1136)
4(989 987 1137 1139)
4(988 990 1140 1138)
4(991 989 1139 1141)
4(990 992 1142 1140)
4(993 991 1141 1143)
4(992 994 1144 1142)
4(995 993 1143 1145)
4(994 996 1146 1144)
4(997 995 1145 1147)
4(996 998 1148 1146)
4(999 997 1147 1149)
4(998 1000 1150 1148)
4(1001 999 1149 1151)
4(1000 1002 1152 1150)
4(1003 1001 1151 1153)
4(1002 1004 1154 1152)
4(1005 1003 1153 1155)
4(1004 1006 1156 1154)
4(1007 1005 1155 1157)
4(1006 1008 1158 1156)
4(1009 1007 1157 1159)
4(1008 1010 1160 1158)
4(1011 1009 1159 1161)
4(1010 1012 1162 1160)
4(1013 1011 1161 1163)
4(1012 1014 1164 1162)
4(1015 1013 1163 1165)
4(1014 1016 1166 1164)
4(1017 1015 1165 1167)
4(1016 1018 1168 1166)
4(1019 1017 1167 1169)
4(1018 1020 1170 1168)
4(1021 1019 1169 1171)
4(1020 1022 1172 1170)
4(1023 1021 1171 1173)
4(1022 1024 1174 1172)
4(1025 1023 1173 1175)
4(1024 1026 1176 1174)
4(1027 1025 1175 1177)
4(1026 1028 1178 1176)
4(1029 1027 1177 1179)
4(1028 1030 1180 1178)
4(1031 1029 1179 1181)
4(1030 1032 1182 1180)
4(1033 1031 1181 1183)
4(1032 1034 1184 1182)
4(1035 1033 1183 1185)
4(1034 1036 1186 1184)
4(1037 1035 1185 1187)
4(1036 1038 1188 1186)
4(1039 1037 1187 1189)
4(1038 1040 1190 1188)
4(1041 1039 1189 1191)
4(1040 1042 1192 1190)
4(1043 1041 1191 1193)
4(1042 1044 1194 1192)
4(1045 1043 1193 1195)
4(1044 1046 1196 1194)
4(1047 1045 1195 1197)
4(1046 1048 1198 1196)
4(1049 1047 1197 1199)
4(1048 901 1051 1198)
4(900 1049 1199 1050)
4(1051 1052 1202 1201)
4(1053 1050 1200 1203)
4(1052 1054 1204 1202)
4(1055 1053 1203 1205)
4(1054 1056 1206 1204)
4(1057 1055 1205 1207)
4(1056 1058 1208 1206)
4(1059 1057 1207 1209)
4(1058 1060 1210 1208)
4(1061 1059 1209 1211)
4(1060 1062 1212 1210)
4(1063 1061 1211 1213)
4(1062 1064 1214 1212)
4(1065 1063 1213 1215)
4(1064 1066 1216 1214)
4(1067 1065 1215 1217)
4(1066 1068 1218 1216)
4(1069 1067 1217 1219)
4(1068 1070 1220 1218)
4(1071 1069 1219 1221)
4(1070 1072 1222 1220)
4(1073 1071 1221 1223)
4(1072 1074 1224 1222)
4(1075 1073 1223 1225)
4(1074 1076 1226 1224)
4(1077 1075 1225 1227)
4(1076 1078 1228 1226)
4(1079 1077 1227 1229)
4(1078 1080 1230 1228)
4(1081 1079 1229 1231)
4(1080 1082 1232 1230)
4(1083 1081 1231 1233)
4(1082 1084 1234 1232)
4(1085 1083 1233 1235)
4(1084 1086 1236 1234)
4(1087 1085 1235 1237)
4(1086 1088 1238 1236)
4(1089 1087 1237 1239)
4(1088 1090 1240 1238)
4(1091 1089 1239 1241)
4(1090 1092 1242 1240)
4(1093 1091 1241 1243)
4(1092 1094 1244 1242)
4(1095 1093 1243 1245)
4(1094 1096 1246 1244)
4(1097 1095 1245 1247)
4(1096 1098 1248 1246)
4(1099 1097 1247 1249)
4(1098 1100 1250 1248)
4(1101 1099 1249 1251)
4(1100 1102 1252 1250)
4(1103 1101 1251 1253)
4(1102 1104 1254 1252)
4(1105 1103 1253 1255)
4(1104 1106 1256 1254)
4(1107 1105 1255 1257)
4(1106 1108 1258 1256)
4(1109 1107 1257 1259)
4(1108 1110 1260 1258)
4(1111 1109 1259 1261)
4(1110 1112 1262 1260)
4(1113 1111 1261 1263)
4(1112 1114 1264 1262)
4(1115 1113 1263 1265)
4(1114 1116 1266 1264)
4(1117 1115 1265 1267)
4(1116 1118 1268 1266)
4(1119 1117 1267 1269)
4(1118 1120 1270 1268)
4(1121 1119 1269 1271)
4(1120 1122 1272 1270)
4(1123 1121 1271 1273)
4(1122 1124 1274 1272)
4(1125 1123 1273 1275)
4(1124 1126 1276 1274)
4(1127 1125 1275 1277)
4(1126 1128 1278 1276)
4(1129 1127 1277 1279)
4(1128 1130 1280 1278)
4(1131 1129 1279 1281)
4(1130 1132 1282 1280)
4(1133 1131 1281 1283)
4(1132 1134 1284 1282)
4(1135 1133 1283 1285)
4(1134 1136 1286 1284)
4(1137 1135 1285 1287)
4(1136 1138 1288 1286)
4(1139 1137 1287 1289)
4(1138 1140 1290 1288)
4(1141 1139 1289 1291)
4(1140 1142 1292 1290)
4(1143 1141 1291 1293)
4(1142 1144 1294 1292)
4(1145 1143 1293 1295)
4(1144 1146 1296 1294)
4(1147 1145 1295 1297)
4(1146 1148 1298 1296)
4(1149 1147 1297 1299)
4(1148 1150 1300 1298)
4(1151 1149 1299 1301)
4(1150 1152 1302 1300)
4(1153 1151 1301 1303)
4(1152 1154 1304 1302)
4(1155 1153 1303 1305)
4(1154 1156 1306 1304)
4(1157 1155 1305 1307)
4(1156 1158 1308 1306)
4(1159 1157 1307 1309)
4(1158 1160 1310 1308)
4(1161 1159 1309 1311)
4(1160 1162 1312 1310)
4(1163 1161 1311 1313)
4(1162 1164 1314 1312)
4(1165 1163 1313 1315)
4(1164 1166 1316 1314)
4(1167 1165 1315 1317)
4(1166 1168 1318 1316)
4(1169 1167 1317 1319)
4(1168 1170 1320 1318)
4(1171 1169 1319 1321)
4(1170 1172 1322 1320)
4(1173 1171 1321 1323)
4(1172 1174 1324 1322)
4(1175 1173 1323 1325)
4(1174 1176 1326 1324)
4(1177 1175 1325 1327)
4(1176 1178 1328 1326)
4(1179 1177 1327 1329)
4(1178 1180 1330 1328)
4(1181 1179 1329 1331)
4(1180 1182 1332 1330)
4(1183 1181 1331 1333)
4(1182 1184 1334 1332)
4(1185 1183 1333 1335)
4(1184 1186 1336 1334)
4(1187 1185 1335 1337)
4(1186 1188 1338 1336)
4(1189 1187 1337 1339)
4(1188 1190 1340 1338)
4(1191 1189 1339 1341)
4(1190 1192 1342 1340)
4(1193 1191 1341 1343)
4(1192 1194 1344 1342)
4(1195 1193 1343 1345)
4(1194 1196 1346 1344)
4(1197 1195 1345 1347)
4(1196 1198 1348 1346)
4(1199 1197 1347 1349)
4(1198 1051 1201 1348)
4(1050 1199 1349 1200)
4(1201 1202 1352 1351)
4(1203 1200 1350 1353)
4(1202 1204 1354 1352)
4(1205 1203 1353 1355)
4(1204 1206 1356 1354)
4(1207 1205 1355 1357)
4(1206 1208 1358 1356)
4(1209 1207 1357 1359)
4(1208 1210 1360 1358)
4(1211 1209 1359 1361)
4(1210 1212 1362 1360)
4(1213 1211 1361 1363)
4(1212 1214 1364 1362)
4(1215 1213 1363 1365)
4(1214 1216 1366 1364)
4(1217 1215 1365 1367)
4(1216 1218 1368 1366)
4(1219 1217 1367 1369)
4(1218 1220 1370 1368)
4(1221 1219 1369 1371)
4(1220 1222 1372 1370)
4(1223 1221 1371 1373)
4(1222 1224 1374 1372)
4(1225 1223 1373 1375)
4(1224 1226 1376 1374)
4(1227 1225 1375 1377)
4(1226 1228 1378 1376)
4(1229 1227 1377 1379)
4(1228 1230 1380 1378)
4(1231 1229 1379 1381)
4(1230 1232 1382 1380)
4(1233 1231 1381 1383)
4(1232 1234 1384 1382)
4(1235 1233 1383 1385)
4(1234 1236 1386 1384)
4(1237 1235 1385 1387)
4(1236 1238 1388 1386)
4(1239 1237 1387 1389)
4(1238 1240 1390 1388)
4(1241 1239 1389 1391)
4(1240 1242 1392 1390)
4(1243 1241 1391 1393)
4(1242 1244 1394 1392)
4(1245 1243 1393 1395)
4(1244 1246 1396 1394)
4(1247 1245 1395 1397)
4(1246 1248 1398 1396)
4(1249 1247 1397 1399)
4(1248 1250 1400 1398)
4(1251 1249 1399 1401)
4(1250 1252 1402 1400)
4(1253 1251 1401 1403)
4(1252 1254 1404 1402)
4(1255 1253 1403 1405)
4(1254 1256 1406 1404)
4(1257 1255 1405 1407)
4(1256 1258 1408 1406)
4(1259 1257 1407 1409)
4(1258 1260 1410 1408)
4(1261 1259 1409 1411)
4(1260 1262 1412 1410)
4(1263 1261 1411 1413)
4(1262 1264 1414 1412)
4(1265 1263 1413 1415)
4(1264 1266 1416 1414)
4(1267 1265 1415 1417)
4(1266 1268 1418 1416)
4(1269 1267 1417 1419)
4(1268 1270 1420 1418)
4(1271 1269 1419 1421)
4(1270 1272 1422 1420)
4(1273 1271 1421 1423)
4(1272 1274 1424 1422)
4(1275 1273 1423 1425)
4(1274 1276 1426 1424)
4(1277 1275 1425 1427)
4(1276 1278 1428 1426)
4(1279 1277 1427 1429)
4(1278 1280 1430 1428)
4(1281 1279 1429 1431)
4(1280 1282 1432 1430)
4(1283 1281 1431 1433)
4(1282 1284 1434 1432)
4(1285 1283 1433 1435)
4(1284 1286 1436 1434)
4(1287 1285 1435 1437)
4(1286 1288 1438 1436)
4(1289 1287 1437 1439)
4(1288 1290 1440 1438)
4(1291 1289 1439 1441)
4(1290 1292 1442 1440)
4(1293 1291 1441 1443)
4(1292 1294 1444 1442)
4(1295 1293 1443 1445)
4(1294 1296 1446 1444)
4(1297 1295 1445 1447)
4(1296 1298 1448 1446)
4(1299 1297 1447 1449)
4(1298 1300 1450 1448)
4(1301 1299 1449 1451)
4(1300 1302 1452 1450)
4(1303 1301 1451 1453)
4(1302 1304 1454 1452)
4(1305 1303 1453 1455)
4(1304 1306 1456 1454)
4(1307 1305 1455 1457)
4(1306 1308 1458 1456)
4(1309 1307 1457 1459)
4(1308 1310 1460 1458)
4(1311 1309 1459 1461)
4(1310 1312 1462 1460)
4(1313 1311 1461 1463)
4(1312 1314 1464 1462)
4(1315 1313 1463 1465)
4(1314 1316 1466 1464)
4(1317 1315 1465 1467)
4(1316 1318 1468 1466)
4(1319 1317 1467 1469)
4(1318 1320 1470 1468)
4(1321 1319 1469 1471)
4(1320 1322 1472 1470)
4(1323 1321 1471 1473)
4(1322 1324 1474 1472)
4(1325 1323 1473 1475)
4(1324 1326 1476 1474)
4(1327 1325 1475 1477)
4(1326 1328 1478 1476)
4(1329 1327 1477 1479)
4(1328 1330 1480 1478)
4(1331 1329 1479 1481)
4(1330 1332 1482 1480)
4(1333 1331 1481 1483)
4(1332 1334 1484 1482)
4(1335 1333 1483 1485)
4(1334 1336 1486 1484)
4(1337 1335 1485 1487)
4(1336 1338 1488 1486)
4(1339 1337 1487 1489)
4(1338 1340 1490 1488)
4(1341 1339 1489 1491)
4(1340 1342 1492 1490)
4(1343 1341 1491 1493)
4(1342 1344 1494 1492)
4(1345 1343 1493 1495)
4(1344 1346 1496 1494)
4(1347 1345 1495 1497)
4(1346 1348 1498 1496)
4(1349 1347 1497 1499)
4(1348 1201 1351 1498)
4(1200 1349 1499 1350)
4(1351 1352 1502 1501)
4(1353 1350 1500 1503)
4(1352 1354 1504 1502)
4(1355 1353 1503 1505)
4(1354 1356 1506 1504)
4(1357 1355 1505 1507)
4(1356 1358 1508 1506)
4(1359 1357 1507 1509)
4(1358 1360 1510 1508)
4(1361 1359 1509 1511)
4(1360 1362 1512 1510)
4(1363 1361 1511 1513)
4(1362 1364 1514 1512)
4(1365 1363 1513 1515)
4(1364 1366 1516 1514)
4(1367 1365 1515 1517)
4(1366 1368 1518 1516)
4(1369 1367 1517 1519)
4(1368 1370 1520 1518)
4(1371 1369 1519 1521)
4(1370 1372 1522 1520)
4(1373 1371 1521 1523)
4(1372 1374 1524 1522)
4(1375 1373 1523 1525)
4(1374 1376 1526 1524)
4(1377 1375 1525 1527)
4(1376 1378 1528 1526)
4(1379 1377 1527 1529)
4(1378 1380 1530 1528)
4(1381 1379 1529 1531)
4(1380 1382 1532 1530)
4(1383 1381 1531 1533)
4(1382 1384 1534 1532)
4(1385 1383 1533 1535)
4(1384 1386 1536 1534)
4(1387 1385 1535 1537)
4(1386 1388 1538 1536)
4(1389 1387 1537 1539)
4(1388 1390 1540 1538)
4(1391 1389 1539 1541)
4(1390 1392 1542 1540)
4(1393 1391 1541 1543)
4(1392 1394 1544 1542)
4(1395 1393 1543 1545)
4(1394 1396 1546 1544)
4(1397 1395 1545 1547)
4(1396 1398 1548 1546)
4(1399 1397 1547 1549)
4(1398 1400 1550 1548)
4(1401 1399 1549 1551)
4(1400 1402 1552 1550)
4(1403 1401 1551 1553)
4(1402 1404 1554 1552)
4(1405 1403 1553 1555)
4(1404 1406 1556 1554)
4(1407 1405 1555 1557)
4(1406 1408 1558 1556)
4(1409 1407 1557 1559)
4(1408 1410 1560 1558)
4(1411 1409 1559 1561)
4(1410 1412 1562 1560)
4(1413 1411 1561 1563)
4(1412 1414 1564 1562)
4(1415 1413 1563 1565)
4(1414 1416 1566 1564)
4(1417 1415 1565 1567)
4(1416 1418 1568 1566)
4(1419 1417 1567 1569)
4(1418 1420 1570 1568)
4(1421 1419 1569 1571)
4(1420 1422 1572 1570)
4(1423 1421 1571 1573)
4(1422 1424 1574 1572)
4(1425 1423 1573 1575)
4(1424 1426 1576 1574)
4(1427 1425 1575 1577)
4(1426 1428 1578 1576)
4(1429 1427 1577 1579)
4(1428 1430 1580 1578)
4(1431 1429 1579 1581)
4(1430 1432 1582 1580)
4(1433 1431 1581 1583)
4(1432 1434 1584 1582)
4(1435 1433 1583 1585)
4(1434 1436 1586 1584)
4(1437 1435 1585 1587)
4(1436 1438 1588 1586)
4(1439 1437 1587 1589)
4(1438 1440 1590 1588)
4(1441 1439 1589 1591)
4(1440 1442 1592 1590)
4(1443 1441 1591 1593)
4(1442 1444 1594 1592)
4(1445 1443 1593 1595)
4(1444 1446 1596 1594)
4(1447 1445 1595 1597)
4(1446 1448 1598 1596)
4(1449 1447 1597 1599)
4(1448 1450 1600 1598)
4(1451 1449 1599 1601)
4(1450 1452 1602 1600)
4(1453 1451 1601 1603)
4(1452 1454 1604 1602)
4(1455 1453 1603 1605)
4(1454 1456 1606 1604)
4(1457 1455 1605 1607)
4(1456 1458 1608 1606)
4(1459 1457 1607 1609)
4(1458 1460 1610 1608)
4(1461 1459 1609 1611)
4(1460 1462 1612 1610)
4(1463 1461 1611 1613)
4(1462 1464 1614 1612)
4(1465 1463 1613 1615)
4(1464 1466 1616 1614)
4(1467 1465 1615 1617)
4(1466 1468 1618 1616)
4(1469 1467 1617 1619)
4(1468 1470 1620 1618)
4(1471 1469 1619 1621)
4(1470 1472 1622 1620)
4(1473 1471 1621 1623)
4(1472 1474 1624 1622)
4(1475 1473 1623 1625)
4(1474 1476 1626 1624)
4(1477 1475 1625 1627)
4(1476 1478 1628 1626)
4(1479 1477 1627 1629)
4(1478 1480 1630 1628)
4(1481 1479 1629 1631)
4(1480 1482 1632 1630)
4(1483 1481 1631 1633)
4(1482 1484 1634 1632)
4(1485 1483 1633 1635)
4(1484 1486 1636 1634)
4(1487 1485 1635 1637)
4(1486 1488 1638 1636)
4(1489 1487 1637 1639)
4(1488 1490 1640 1638)
4(1491 1489 1639 1641)
4(1490 1492 1642 1640)
4(1493 1491 1641 1643)
4(1492 1494 1644 1642)
4(1495 1493 1643 1645)
4(1494 1496 1646 1644)
4(1497 1495 1645 1647)
4(1496 1498 1648 1646)
4(1499 1497 1647 1649)
4(1498 1351 1501 1648)
4(1350 1499 1649 1500)
)


// ************************************************************************* //
