/*--------------------------------*- C++ -*----------------------------------*\
| =========                 |                                                 |
| \\      /  F ield         | OpenFOAM: The Open Source CFD Toolbox           |
|  \\    /   O peration     | Version:  v2006                                 |
|   \\  /    A nd           | Website:  www.openfoam.com                      |
|    \\/     M anipulation  |                                                 |
\*---------------------------------------------------------------------------*/
FoamFile
{
    version     2.0;
    format      ascii;
    class       vectorField;
    location    "constant/polyMesh";
    object      points;
}
// * * * * * * * * * * * * * * * * * * * * * * * * * * * * * * * * * * * * * //


1650
(
(0.5 0.05 0)
(0.5 -0.05 0)
(0.498246 -0.05 -0.0418389)
(0.498246 0.05 -0.0418389)
(0.492998 -0.05 -0.0833844)
(0.492998 0.05 -0.0833844)
(0.484292 -0.05 -0.124345)
(0.484292 0.05 -0.124345)
(0.472188 -0.05 -0.164433)
(0.472188 0.05 -0.164433)
(0.456773 -0.05 -0.203368)
(0.456773 0.05 -0.203368)
(0.438153 -0.05 -0.240877)
(0.438153 0.05 -0.240877)
(0.416461 -0.05 -0.276696)
(0.416461 0.05 -0.276696)
(0.391847 -0.05 -0.310574)
(0.391847 0.05 -0.310574)
(0.364484 -0.05 -0.342274)
(0.364484 0.05 -0.342274)
(0.334565 -0.05 -0.371572)
(0.334565 0.05 -0.371572)
(0.3023 -0.05 -0.398265)
(0.3023 0.05 -0.398265)
(0.267913 -0.05 -0.422164)
(0.267913 0.05 -0.422164)
(0.231648 -0.05 -0.443102)
(0.231648 0.05 -0.443102)
(0.193758 -0.05 -0.460932)
(0.193758 0.05 -0.460932)
(0.154509 -0.05 -0.475528)
(0.154509 0.05 -0.475528)
(0.114175 -0.05 -0.486789)
(0.114175 0.05 -0.486789)
(0.0730415 -0.05 -0.494636)
(0.0730415 0.05 -0.494636)
(0.0313953 -0.05 -0.499013)
(0.0313953 0.05 -0.499013)
(-0.0104712 -0.05 -0.49989)
(-0.0104712 0.05 -0.49989)
(-0.0522642 -0.05 -0.497261)
(-0.0522642 0.05 -0.497261)
(-0.0936907 -0.05 -0.491144)
(-0.0936907 0.05 -0.491144)
(-0.13446 -0.05 -0.481581)
(-0.13446 0.05 -0.481581)
(-0.174286 -0.05 -0.468641)
(-0.174286 0.05 -0.468641)
(-0.21289 -0.05 -0.452414)
(-0.21289 0.05 -0.452414)
(-0.25 -0.05 -0.433013)
(-0.25 0.05 -0.433013)
(-0.285357 -0.05 -0.410575)
(-0.285357 0.05 -0.410575)
(-0.318712 -0.05 -0.385257)
(-0.318712 0.05 -0.385257)
(-0.349832 -0.05 -0.357236)
(-0.349832 0.05 -0.357236)
(-0.378498 -0.05 -0.32671)
(-0.378498 0.05 -0.32671)
(-0.404509 -0.05 -0.293893)
(-0.404509 0.05 -0.293893)
(-0.427682 -0.05 -0.259014)
(-0.427682 0.05 -0.259014)
(-0.447856 -0.05 -0.222318)
(-0.447856 0.05 -0.222318)
(-0.464888 -0.05 -0.184062)
(-0.464888 0.05 -0.184062)
(-0.47866 -0.05 -0.144516)
(-0.47866 0.05 -0.144516)
(-0.489074 -0.05 -0.103956)
(-0.489074 0.05 -0.103956)
(-0.496057 -0.05 -0.0626666)
(-0.496057 0.05 -0.0626666)
(-0.499561 -0.05 -0.0209378)
(-0.499561 0.05 -0.0209378)
(-0.499561 -0.05 0.0209378)
(-0.499561 0.05 0.0209378)
(-0.496057 -0.05 0.0626666)
(-0.496057 0.05 0.0626666)
(-0.489074 -0.05 0.103956)
(-0.489074 0.05 0.103956)
(-0.47866 -0.05 0.144516)
(-0.47866 0.05 0.144516)
(-0.464888 -0.05 0.184062)
(-0.464888 0.05 0.184062)
(-0.447856 -0.05 0.222318)
(-0.447856 0.05 0.222318)
(-0.427682 -0.05 0.259014)
(-0.427682 0.05 0.259014)
(-0.404509 -0.05 0.293893)
(-0.404509 0.05 0.293893)
(-0.378498 -0.05 0.32671)
(-0.378498 0.05 0.32671)
(-0.349832 -0.05 0.357236)
(-0.349832 0.05 0.357236)
(-0.318712 -0.05 0.385257)
(-0.318712 0.05 0.385257)
(-0.285357 -0.05 0.410575)
(-0.285357 0.05 0.410575)
(-0.25 -0.05 0.433013)
(-0.25 0.05 0.433013)
(-0.21289 -0.05 0.452414)
(-0.21289 0.05 0.452414)
(-0.174286 -0.05 0.468641)
(-0.174286 0.05 0.468641)
(-0.13446 -0.05 0.481581)
(-0.13446 0.05 0.481581)
(-0.0936907 -0.05 0.491144)
(-0.0936907 0.05 0.491144)
(-0.0522642 -0.05 0.497261)
(-0.0522642 0.05 0.497261)
(-0.0104712 -0.05 0.49989)
(-0.0104712 0.05 0.49989)
(0.0313953 -0.05 0.499013)
(0.0313953 0.05 0.499013)
(0.0730415 -0.05 0.494636)
(0.0730415 0.05 0.494636)
(0.114175 -0.05 0.486789)
(0.114175 0.05 0.486789)
(0.154509 -0.05 0.475528)
(0.154509 0.05 0.475528)
(0.193758 -0.05 0.460932)
(0.193758 0.05 0.460932)
(0.231648 -0.05 0.443102)
(0.231648 0.05 0.443102)
(0.267913 -0.05 0.422164)
(0.267913 0.05 0.422164)
(0.3023 -0.05 0.398265)
(0.3023 0.05 0.398265)
(0.334565 -0.05 0.371572)
(0.334565 0.05 0.371572)
(0.364484 -0.05 0.342274)
(0.364484 0.05 0.342274)
(0.391847 -0.05 0.310574)
(0.391847 0.05 0.310574)
(0.416461 -0.05 0.276696)
(0.416461 0.05 0.276696)
(0.438153 -0.05 0.240877)
(0.438153 0.05 0.240877)
(0.456773 -0.05 0.203368)
(0.456773 0.05 0.203368)
(0.472188 -0.05 0.164433)
(0.472188 0.05 0.164433)
(0.484292 -0.05 0.124345)
(0.484292 0.05 0.124345)
(0.492998 -0.05 0.0833844)
(0.492998 0.05 0.0833844)
(0.498246 -0.05 0.0418389)
(0.498246 0.05 0.0418389)
(0.563929 0.05 0)
(0.563929 -0.05 0)
(0.56195 -0.05 -0.0471883)
(0.56195 0.05 -0.0471883)
(0.556031 -0.05 -0.094045)
(0.556031 0.05 -0.094045)
(0.546212 -0.05 -0.140244)
(0.546212 0.05 -0.140244)
(0.532561 -0.05 -0.185457)
(0.532561 0.05 -0.185457)
(0.515175 -0.05 -0.22937)
(0.515175 0.05 -0.22937)
(0.494174 -0.05 -0.271675)
(0.494174 0.05 -0.271675)
(0.469709 -0.05 -0.312073)
(0.469709 0.05 -0.312073)
(0.441947 -0.05 -0.350283)
(0.441947 0.05 -0.350283)
(0.411085 -0.05 -0.386037)
(0.411085 0.05 -0.386037)
(0.377342 -0.05 -0.41908)
(0.377342 0.05 -0.41908)
(0.340951 -0.05 -0.449186)
(0.340951 0.05 -0.449186)
(0.302168 -0.05 -0.476141)
(0.302168 0.05 -0.476141)
(0.261266 -0.05 -0.499756)
(0.261266 0.05 -0.499756)
(0.218531 -0.05 -0.519865)
(0.218531 0.05 -0.519865)
(0.174263 -0.05 -0.536328)
(0.174263 0.05 -0.536328)
(0.128773 -0.05 -0.549029)
(0.128773 0.05 -0.549029)
(0.0823805 -0.05 -0.557879)
(0.0823805 0.05 -0.557879)
(0.0354093 -0.05 -0.562815)
(0.0354093 0.05 -0.562815)
(-0.0118097 -0.05 -0.563805)
(-0.0118097 0.05 -0.563805)
(-0.058946 -0.05 -0.560839)
(-0.058946 0.05 -0.560839)
(-0.10567 -0.05 -0.55394)
(-0.10567 0.05 -0.55394)
(-0.151652 -0.05 -0.543155)
(-0.151652 0.05 -0.543155)
(-0.196569 -0.05 -0.52856)
(-0.196569 0.05 -0.52856)
(-0.240109 -0.05 -0.510258)
(-0.240109 0.05 -0.510258)
(-0.281964 -0.05 -0.488377)
(-0.281964 0.05 -0.488377)
(-0.321842 -0.05 -0.46307)
(-0.321842 0.05 -0.46307)
(-0.359462 -0.05 -0.434515)
(-0.359462 0.05 -0.434515)
(-0.394561 -0.05 -0.402911)
(-0.394561 0.05 -0.402911)
(-0.426891 -0.05 -0.368483)
(-0.426891 0.05 -0.368483)
(-0.456228 -0.05 -0.331469)
(-0.456228 0.05 -0.331469)
(-0.482364 -0.05 -0.292131)
(-0.482364 0.05 -0.292131)
(-0.505118 -0.05 -0.250743)
(-0.505118 0.05 -0.250743)
(-0.524327 -0.05 -0.207596)
(-0.524327 0.05 -0.207596)
(-0.53986 -0.05 -0.162994)
(-0.53986 0.05 -0.162994)
(-0.551606 -0.05 -0.117247)
(-0.551606 0.05 -0.117247)
(-0.559482 -0.05 -0.0706785)
(-0.559482 0.05 -0.0706785)
(-0.563433 -0.05 -0.0236148)
(-0.563433 0.05 -0.0236148)
(-0.563433 -0.05 0.0236148)
(-0.563433 0.05 0.0236148)
(-0.559482 -0.05 0.0706785)
(-0.559482 0.05 0.0706785)
(-0.551606 -0.05 0.117247)
(-0.551606 0.05 0.117247)
(-0.53986 -0.05 0.162994)
(-0.53986 0.05 0.162994)
(-0.524327 -0.05 0.207596)
(-0.524327 0.05 0.207596)
(-0.505118 -0.05 0.250743)
(-0.505118 0.05 0.250743)
(-0.482364 -0.05 0.292131)
(-0.482364 0.05 0.292131)
(-0.456228 -0.05 0.331469)
(-0.456228 0.05 0.331469)
(-0.426891 -0.05 0.368483)
(-0.426891 0.05 0.368483)
(-0.394561 -0.05 0.402911)
(-0.394561 0.05 0.402911)
(-0.359462 -0.05 0.434515)
(-0.359462 0.05 0.434515)
(-0.321842 -0.05 0.46307)
(-0.321842 0.05 0.46307)
(-0.281964 -0.05 0.488377)
(-0.281964 0.05 0.488377)
(-0.240109 -0.05 0.510258)
(-0.240109 0.05 0.510258)
(-0.196569 -0.05 0.52856)
(-0.196569 0.05 0.52856)
(-0.151652 -0.05 0.543155)
(-0.151652 0.05 0.543155)
(-0.10567 -0.05 0.55394)
(-0.10567 0.05 0.55394)
(-0.058946 -0.05 0.560839)
(-0.058946 0.05 0.560839)
(-0.0118097 -0.05 0.563805)
(-0.0118097 0.05 0.563805)
(0.0354093 -0.05 0.562815)
(0.0354093 0.05 0.562815)
(0.0823805 -0.05 0.557879)
(0.0823805 0.05 0.557879)
(0.128773 -0.05 0.549029)
(0.128773 0.05 0.549029)
(0.174263 -0.05 0.536328)
(0.174263 0.05 0.536328)
(0.218531 -0.05 0.519865)
(0.218531 0.05 0.519865)
(0.261266 -0.05 0.499756)
(0.261266 0.05 0.499756)
(0.302168 -0.05 0.476141)
(0.302168 0.05 0.476141)
(0.340951 -0.05 0.449186)
(0.340951 0.05 0.449186)
(0.377342 -0.05 0.41908)
(0.377342 0.05 0.41908)
(0.411085 -0.05 0.386037)
(0.411085 0.05 0.386037)
(0.441947 -0.05 0.350283)
(0.441947 0.05 0.350283)
(0.469709 -0.05 0.312073)
(0.469709 0.05 0.312073)
(0.494174 -0.05 0.271675)
(0.494174 0.05 0.271675)
(0.515175 -0.05 0.22937)
(0.515175 0.05 0.22937)
(0.532561 -0.05 0.185457)
(0.532561 0.05 0.185457)
(0.546212 -0.05 0.140244)
(0.546212 0.05 0.140244)
(0.556031 -0.05 0.094045)
(0.556031 0.05 0.094045)
(0.56195 -0.05 0.0471883)
(0.56195 0.05 0.0471883)
(0.629136 0.05 0)
(0.629136 -0.05 0)
(0.626929 -0.05 -0.0526447)
(0.626929 0.05 -0.0526447)
(0.620326 -0.05 -0.104919)
(0.620326 0.05 -0.104919)
(0.609371 -0.05 -0.15646)
(0.609371 0.05 -0.15646)
(0.594141 -0.05 -0.206902)
(0.594141 0.05 -0.206902)
(0.574744 -0.05 -0.255892)
(0.574744 0.05 -0.255892)
(0.551316 -0.05 -0.303088)
(0.551316 0.05 -0.303088)
(0.524021 -0.05 -0.348158)
(0.524021 0.05 -0.348158)
(0.493049 -0.05 -0.390787)
(0.493049 0.05 -0.390787)
(0.458619 -0.05 -0.430674)
(0.458619 0.05 -0.430674)
(0.420974 -0.05 -0.467538)
(0.420974 0.05 -0.467538)
(0.380376 -0.05 -0.501125)
(0.380376 0.05 -0.501125)
(0.337107 -0.05 -0.531197)
(0.337107 0.05 -0.531197)
(0.291477 -0.05 -0.557542)
(0.291477 0.05 -0.557542)
(0.2438 -0.05 -0.579978)
(0.2438 0.05 -0.579978)
(0.194413 -0.05 -0.598344)
(0.194413 0.05 -0.598344)
(0.143663 -0.05 -0.612513)
(0.143663 0.05 -0.612513)
(0.0919063 -0.05 -0.622386)
(0.0919063 0.05 -0.622386)
(0.0395035 -0.05 -0.627894)
(0.0395035 0.05 -0.627894)
(-0.013175 -0.05 -0.628997)
(-0.013175 0.05 -0.628997)
(-0.0657615 -0.05 -0.625689)
(-0.0657615 0.05 -0.625689)
(-0.117889 -0.05 -0.617992)
(-0.117889 0.05 -0.617992)
(-0.169188 -0.05 -0.60596)
(-0.169188 0.05 -0.60596)
(-0.219298 -0.05 -0.589678)
(-0.219298 0.05 -0.589678)
(-0.267873 -0.05 -0.56926)
(-0.267873 0.05 -0.56926)
(-0.314568 -0.05 -0.544848)
(-0.314568 0.05 -0.544848)
(-0.359056 -0.05 -0.516615)
(-0.359056 0.05 -0.516615)
(-0.401027 -0.05 -0.484757)
(-0.401027 0.05 -0.484757)
(-0.440184 -0.05 -0.4495)
(-0.440184 0.05 -0.4495)
(-0.476253 -0.05 -0.411091)
(-0.476253 0.05 -0.411091)
(-0.508982 -0.05 -0.369797)
(-0.508982 0.05 -0.369797)
(-0.53814 -0.05 -0.325909)
(-0.53814 0.05 -0.325909)
(-0.563525 -0.05 -0.279736)
(-0.563525 0.05 -0.279736)
(-0.584955 -0.05 -0.2316)
(-0.584955 0.05 -0.2316)
(-0.602284 -0.05 -0.181841)
(-0.602284 0.05 -0.181841)
(-0.615388 -0.05 -0.130804)
(-0.615388 0.05 -0.130804)
(-0.624175 -0.05 -0.0788506)
(-0.624175 0.05 -0.0788506)
(-0.628583 -0.05 -0.0263453)
(-0.628583 0.05 -0.0263453)
(-0.628583 -0.05 0.0263453)
(-0.628583 0.05 0.0263453)
(-0.624175 -0.05 0.0788506)
(-0.624175 0.05 0.0788506)
(-0.615388 -0.05 0.130804)
(-0.615388 0.05 0.130804)
(-0.602284 -0.05 0.181841)
(-0.602284 0.05 0.181841)
(-0.584955 -0.05 0.2316)
(-0.584955 0.05 0.2316)
(-0.563525 -0.05 0.279736)
(-0.563525 0.05 0.279736)
(-0.53814 -0.05 0.325909)
(-0.53814 0.05 0.325909)
(-0.508982 -0.05 0.369797)
(-0.508982 0.05 0.369797)
(-0.476253 -0.05 0.411091)
(-0.476253 0.05 0.411091)
(-0.440184 -0.05 0.4495)
(-0.440184 0.05 0.4495)
(-0.401027 -0.05 0.484757)
(-0.401027 0.05 0.484757)
(-0.359056 -0.05 0.516615)
(-0.359056 0.05 0.516615)
(-0.314568 -0.05 0.544848)
(-0.314568 0.05 0.544848)
(-0.267873 -0.05 0.56926)
(-0.267873 0.05 0.56926)
(-0.219298 -0.05 0.589678)
(-0.219298 0.05 0.589678)
(-0.169188 -0.05 0.60596)
(-0.169188 0.05 0.60596)
(-0.117889 -0.05 0.617992)
(-0.117889 0.05 0.617992)
(-0.0657615 -0.05 0.625689)
(-0.0657615 0.05 0.625689)
(-0.013175 -0.05 0.628997)
(-0.013175 0.05 0.628997)
(0.0395035 -0.05 0.627894)
(0.0395035 0.05 0.627894)
(0.0919063 -0.05 0.622386)
(0.0919063 0.05 0.622386)
(0.143663 -0.05 0.612513)
(0.143663 0.05 0.612513)
(0.194413 -0.05 0.598344)
(0.194413 0.05 0.598344)
(0.2438 -0.05 0.579978)
(0.2438 0.05 0.579978)
(0.291477 -0.05 0.557542)
(0.291477 0.05 0.557542)
(0.337107 -0.05 0.531197)
(0.337107 0.05 0.531197)
(0.380376 -0.05 0.501125)
(0.380376 0.05 0.501125)
(0.420974 -0.05 0.467538)
(0.420974 0.05 0.467538)
(0.458619 -0.05 0.430674)
(0.458619 0.05 0.430674)
(0.493049 -0.05 0.390787)
(0.493049 0.05 0.390787)
(0.524021 -0.05 0.348158)
(0.524021 0.05 0.348158)
(0.551316 -0.05 0.303088)
(0.551316 0.05 0.303088)
(0.574744 -0.05 0.255892)
(0.574744 0.05 0.255892)
(0.594141 -0.05 0.206902)
(0.594141 0.05 0.206902)
(0.609371 -0.05 0.15646)
(0.609371 0.05 0.15646)
(0.620326 -0.05 0.104919)
(0.620326 0.05 0.104919)
(0.626929 -0.05 0.0526447)
(0.626929 0.05 0.0526447)
(0.695647 0.05 0)
(0.695647 -0.05 0)
(0.693207 -0.05 -0.0582103)
(0.693207 0.05 -0.0582103)
(0.685905 -0.05 -0.11601)
(0.685905 0.05 -0.11601)
(0.673792 -0.05 -0.173001)
(0.673792 0.05 -0.173001)
(0.656952 -0.05 -0.228775)
(0.656952 0.05 -0.228775)
(0.635506 -0.05 -0.282945)
(0.635506 0.05 -0.282945)
(0.6096 -0.05 -0.33513)
(0.6096 0.05 -0.33513)
(0.57942 -0.05 -0.384964)
(0.57942 0.05 -0.384964)
(0.545174 -0.05 -0.4321)
(0.545174 0.05 -0.4321)
(0.507103 -0.05 -0.476205)
(0.507103 0.05 -0.476205)
(0.465479 -0.05 -0.516966)
(0.465479 0.05 -0.516966)
(0.420589 -0.05 -0.554103)
(0.420589 0.05 -0.554103)
(0.372746 -0.05 -0.587354)
(0.372746 0.05 -0.587354)
(0.322292 -0.05 -0.616484)
(0.322292 0.05 -0.616484)
(0.269574 -0.05 -0.641292)
(0.269574 0.05 -0.641292)
(0.214965 -0.05 -0.6616)
(0.214965 0.05 -0.6616)
(0.158851 -0.05 -0.677267)
(0.158851 0.05 -0.677267)
(0.101623 -0.05 -0.688184)
(0.101623 0.05 -0.688184)
(0.0436797 -0.05 -0.694274)
(0.0436797 0.05 -0.694274)
(-0.0145676 -0.05 -0.695494)
(-0.0145676 0.05 -0.695494)
(-0.0727132 -0.05 -0.691836)
(-0.0727132 0.05 -0.691836)
(-0.130352 -0.05 -0.683325)
(-0.130352 0.05 -0.683325)
(-0.187074 -0.05 -0.670021)
(-0.187074 0.05 -0.670021)
(-0.242481 -0.05 -0.652018)
(-0.242481 0.05 -0.652018)
(-0.296192 -0.05 -0.629441)
(-0.296192 0.05 -0.629441)
(-0.347824 -0.05 -0.602448)
(-0.347824 0.05 -0.602448)
(-0.397015 -0.05 -0.57123)
(-0.397015 0.05 -0.57123)
(-0.443423 -0.05 -0.536005)
(-0.443423 0.05 -0.536005)
(-0.486719 -0.05 -0.49702)
(-0.486719 0.05 -0.49702)
(-0.526601 -0.05 -0.454551)
(-0.526601 0.05 -0.454551)
(-0.562791 -0.05 -0.408891)
(-0.562791 0.05 -0.408891)
(-0.595032 -0.05 -0.360364)
(-0.595032 0.05 -0.360364)
(-0.6231 -0.05 -0.309309)
(-0.6231 0.05 -0.309309)
(-0.646796 -0.05 -0.256084)
(-0.646796 0.05 -0.256084)
(-0.665956 -0.05 -0.201065)
(-0.665956 0.05 -0.201065)
(-0.680446 -0.05 -0.144632)
(-0.680446 0.05 -0.144632)
(-0.690161 -0.05 -0.0871862)
(-0.690161 0.05 -0.0871862)
(-0.695036 -0.05 -0.0291305)
(-0.695036 0.05 -0.0291305)
(-0.695036 -0.05 0.0291305)
(-0.695036 0.05 0.0291305)
(-0.690161 -0.05 0.0871862)
(-0.690161 0.05 0.0871862)
(-0.680446 -0.05 0.144632)
(-0.680446 0.05 0.144632)
(-0.665956 -0.05 0.201065)
(-0.665956 0.05 0.201065)
(-0.646796 -0.05 0.256084)
(-0.646796 0.05 0.256084)
(-0.6231 -0.05 0.309309)
(-0.6231 0.05 0.309309)
(-0.595032 -0.05 0.360364)
(-0.595032 0.05 0.360364)
(-0.562791 -0.05 0.408891)
(-0.562791 0.05 0.408891)
(-0.526601 -0.05 0.454551)
(-0.526601 0.05 0.454551)
(-0.486719 -0.05 0.49702)
(-0.486719 0.05 0.49702)
(-0.443423 -0.05 0.536005)
(-0.443423 0.05 0.536005)
(-0.397015 -0.05 0.57123)
(-0.397015 0.05 0.57123)
(-0.347824 -0.05 0.602448)
(-0.347824 0.05 0.602448)
(-0.296192 -0.05 0.629441)
(-0.296192 0.05 0.629441)
(-0.242481 -0.05 0.652018)
(-0.242481 0.05 0.652018)
(-0.187074 -0.05 0.670021)
(-0.187074 0.05 0.670021)
(-0.130352 -0.05 0.683325)
(-0.130352 0.05 0.683325)
(-0.0727132 -0.05 0.691836)
(-0.0727132 0.05 0.691836)
(-0.0145676 -0.05 0.695494)
(-0.0145676 0.05 0.695494)
(0.0436797 -0.05 0.694274)
(0.0436797 0.05 0.694274)
(0.101623 -0.05 0.688184)
(0.101623 0.05 0.688184)
(0.158851 -0.05 0.677267)
(0.158851 0.05 0.677267)
(0.214965 -0.05 0.6616)
(0.214965 0.05 0.6616)
(0.269574 -0.05 0.641292)
(0.269574 0.05 0.641292)
(0.322292 -0.05 0.616484)
(0.322292 0.05 0.616484)
(0.372746 -0.05 0.587354)
(0.372746 0.05 0.587354)
(0.420589 -0.05 0.554103)
(0.420589 0.05 0.554103)
(0.465479 -0.05 0.516966)
(0.465479 0.05 0.516966)
(0.507103 -0.05 0.476205)
(0.507103 0.05 0.476205)
(0.545174 -0.05 0.4321)
(0.545174 0.05 0.4321)
(0.57942 -0.05 0.384964)
(0.57942 0.05 0.384964)
(0.6096 -0.05 0.33513)
(0.6096 0.05 0.33513)
(0.635506 -0.05 0.282945)
(0.635506 0.05 0.282945)
(0.656952 -0.05 0.228775)
(0.656952 0.05 0.228775)
(0.673792 -0.05 0.173001)
(0.673792 0.05 0.173001)
(0.685905 -0.05 0.11601)
(0.685905 0.05 0.11601)
(0.693207 -0.05 0.0582103)
(0.693207 0.05 0.0582103)
(0.763489 0.05 0)
(0.763489 -0.05 0)
(0.76081 -0.05 -0.0638871)
(0.76081 0.05 -0.0638871)
(0.752797 -0.05 -0.127323)
(0.752797 0.05 -0.127323)
(0.739502 -0.05 -0.189873)
(0.739502 0.05 -0.189873)
(0.72102 -0.05 -0.251086)
(0.72102 0.05 -0.251086)
(0.697482 -0.05 -0.310538)
(0.697482 0.05 -0.310538)
(0.66905 -0.05 -0.367813)
(0.66905 0.05 -0.367813)
(0.635927 -0.05 -0.422507)
(0.635927 0.05 -0.422507)
(0.59834 -0.05 -0.47424)
(0.59834 0.05 -0.47424)
(0.556557 -0.05 -0.522646)
(0.556557 0.05 -0.522646)
(0.510874 -0.05 -0.567382)
(0.510874 0.05 -0.567382)
(0.461606 -0.05 -0.608141)
(0.461606 0.05 -0.608141)
(0.409097 -0.05 -0.644635)
(0.409097 0.05 -0.644635)
(0.353723 -0.05 -0.676606)
(0.353723 0.05 -0.676606)
(0.295863 -0.05 -0.703833)
(0.295863 0.05 -0.703833)
(0.235929 -0.05 -0.726121)
(0.235929 0.05 -0.726121)
(0.174343 -0.05 -0.743316)
(0.174343 0.05 -0.743316)
(0.111533 -0.05 -0.755298)
(0.111533 0.05 -0.755298)
(0.0479393 -0.05 -0.761982)
(0.0479393 0.05 -0.761982)
(-0.015988 -0.05 -0.763321)
(-0.015988 0.05 -0.763321)
(-0.079804 -0.05 -0.759306)
(-0.079804 0.05 -0.759306)
(-0.143064 -0.05 -0.749965)
(-0.143064 0.05 -0.749965)
(-0.205318 -0.05 -0.735363)
(-0.205318 0.05 -0.735363)
(-0.266128 -0.05 -0.715605)
(-0.266128 0.05 -0.715605)
(-0.325077 -0.05 -0.690826)
(-0.325077 0.05 -0.690826)
(-0.381745 -0.05 -0.661201)
(-0.381745 0.05 -0.661201)
(-0.435733 -0.05 -0.626938)
(-0.435733 0.05 -0.626938)
(-0.486667 -0.05 -0.588277)
(-0.486667 0.05 -0.588277)
(-0.534186 -0.05 -0.545491)
(-0.534186 0.05 -0.545491)
(-0.577956 -0.05 -0.49888)
(-0.577956 0.05 -0.49888)
(-0.617676 -0.05 -0.448768)
(-0.617676 0.05 -0.448768)
(-0.653061 -0.05 -0.395507)
(-0.653061 0.05 -0.395507)
(-0.683866 -0.05 -0.339473)
(-0.683866 0.05 -0.339473)
(-0.709873 -0.05 -0.281059)
(-0.709873 0.05 -0.281059)
(-0.730902 -0.05 -0.220674)
(-0.730902 0.05 -0.220674)
(-0.746805 -0.05 -0.158736)
(-0.746805 0.05 -0.158736)
(-0.757468 -0.05 -0.0956885)
(-0.757468 0.05 -0.0956885)
(-0.762818 -0.05 -0.0319713)
(-0.762818 0.05 -0.0319713)
(-0.762818 -0.05 0.0319713)
(-0.762818 0.05 0.0319713)
(-0.757468 -0.05 0.0956885)
(-0.757468 0.05 0.0956885)
(-0.746805 -0.05 0.158736)
(-0.746805 0.05 0.158736)
(-0.730902 -0.05 0.220674)
(-0.730902 0.05 0.220674)
(-0.709873 -0.05 0.281059)
(-0.709873 0.05 0.281059)
(-0.683866 -0.05 0.339473)
(-0.683866 0.05 0.339473)
(-0.653061 -0.05 0.395507)
(-0.653061 0.05 0.395507)
(-0.617676 -0.05 0.448768)
(-0.617676 0.05 0.448768)
(-0.577956 -0.05 0.49888)
(-0.577956 0.05 0.49888)
(-0.534186 -0.05 0.545491)
(-0.534186 0.05 0.545491)
(-0.486667 -0.05 0.588277)
(-0.486667 0.05 0.588277)
(-0.435733 -0.05 0.626938)
(-0.435733 0.05 0.626938)
(-0.381745 -0.05 0.661201)
(-0.381745 0.05 0.661201)
(-0.325077 -0.05 0.690826)
(-0.325077 0.05 0.690826)
(-0.266128 -0.05 0.715605)
(-0.266128 0.05 0.715605)
(-0.205318 -0.05 0.735363)
(-0.205318 0.05 0.735363)
(-0.143064 -0.05 0.749965)
(-0.143064 0.05 0.749965)
(-0.079804 -0.05 0.759306)
(-0.079804 0.05 0.759306)
(-0.015988 -0.05 0.763321)
(-0.015988 0.05 0.763321)
(0.0479393 -0.05 0.761982)
(0.0479393 0.05 0.761982)
(0.111533 -0.05 0.755298)
(0.111533 0.05 0.755298)
(0.174343 -0.05 0.743316)
(0.174343 0.05 0.743316)
(0.235929 -0.05 0.726121)
(0.235929 0.05 0.726121)
(0.295863 -0.05 0.703833)
(0.295863 0.05 0.703833)
(0.353723 -0.05 0.676606)
(0.353723 0.05 0.676606)
(0.409097 -0.05 0.644635)
(0.409097 0.05 0.644635)
(0.461606 -0.05 0.608141)
(0.461606 0.05 0.608141)
(0.510874 -0.05 0.567382)
(0.510874 0.05 0.567382)
(0.556557 -0.05 0.522646)
(0.556557 0.05 0.522646)
(0.59834 -0.05 0.47424)
(0.59834 0.05 0.47424)
(0.635927 -0.05 0.422507)
(0.635927 0.05 0.422507)
(0.66905 -0.05 0.367813)
(0.66905 0.05 0.367813)
(0.697482 -0.05 0.310538)
(0.697482 0.05 0.310538)
(0.72102 -0.05 0.251086)
(0.72102 0.05 0.251086)
(0.739502 -0.05 0.189873)
(0.739502 0.05 0.189873)
(0.752797 -0.05 0.127323)
(0.752797 0.05 0.127323)
(0.76081 -0.05 0.0638871)
(0.76081 0.05 0.0638871)
(0.832687 0.05 0)
(0.832687 -0.05 0)
(0.829766 -0.05 -0.0696775)
(0.829766 0.05 -0.0696775)
(0.821026 -0.05 -0.138863)
(0.821026 0.05 -0.138863)
(0.806527 -0.05 -0.207082)
(0.806527 0.05 -0.207082)
(0.786369 -0.05 -0.273844)
(0.786369 0.05 -0.273844)
(0.760698 -0.05 -0.338684)
(0.760698 0.05 -0.338684)
(0.729689 -0.05 -0.401149)
(0.729689 0.05 -0.401149)
(0.693564 -0.05 -0.4608)
(0.693564 0.05 -0.4608)
(0.652571 -0.05 -0.517223)
(0.652571 0.05 -0.517223)
(0.607 -0.05 -0.570016)
(0.607 0.05 -0.570016)
(0.557177 -0.05 -0.618806)
(0.557177 0.05 -0.618806)
(0.503443 -0.05 -0.663259)
(0.503443 0.05 -0.663259)
(0.446175 -0.05 -0.703061)
(0.446175 0.05 -0.703061)
(0.385783 -0.05 -0.737929)
(0.385783 0.05 -0.737929)
(0.322678 -0.05 -0.767624)
(0.322678 0.05 -0.767624)
(0.257311 -0.05 -0.791933)
(0.257311 0.05 -0.791933)
(0.190144 -0.05 -0.810686)
(0.190144 0.05 -0.810686)
(0.121642 -0.05 -0.823754)
(0.121642 0.05 -0.823754)
(0.0522842 -0.05 -0.831043)
(0.0522842 0.05 -0.831043)
(-0.0174368 -0.05 -0.832504)
(-0.0174368 0.05 -0.832504)
(-0.0870366 -0.05 -0.828126)
(-0.0870366 0.05 -0.828126)
(-0.156031 -0.05 -0.817938)
(-0.156031 0.05 -0.817938)
(-0.223928 -0.05 -0.802012)
(-0.223928 0.05 -0.802012)
(-0.290248 -0.05 -0.780464)
(-0.290248 0.05 -0.780464)
(-0.35454 -0.05 -0.753438)
(-0.35454 0.05 -0.753438)
(-0.416344 -0.05 -0.721128)
(-0.416344 0.05 -0.721128)
(-0.475226 -0.05 -0.683761)
(-0.475226 0.05 -0.683761)
(-0.530776 -0.05 -0.641595)
(-0.530776 0.05 -0.641595)
(-0.582601 -0.05 -0.594931)
(-0.582601 0.05 -0.594931)
(-0.630339 -0.05 -0.544096)
(-0.630339 0.05 -0.544096)
(-0.673658 -0.05 -0.489441)
(-0.673658 0.05 -0.489441)
(-0.712251 -0.05 -0.431354)
(-0.712251 0.05 -0.431354)
(-0.745848 -0.05 -0.370241)
(-0.745848 0.05 -0.370241)
(-0.774212 -0.05 -0.306532)
(-0.774212 0.05 -0.306532)
(-0.797147 -0.05 -0.240675)
(-0.797147 0.05 -0.240675)
(-0.814491 -0.05 -0.173123)
(-0.814491 0.05 -0.173123)
(-0.826121 -0.05 -0.104361)
(-0.826121 0.05 -0.104361)
(-0.831956 -0.05 -0.034869)
(-0.831956 0.05 -0.034869)
(-0.831956 -0.05 0.034869)
(-0.831956 0.05 0.034869)
(-0.826121 -0.05 0.104361)
(-0.826121 0.05 0.104361)
(-0.814491 -0.05 0.173123)
(-0.814491 0.05 0.173123)
(-0.797147 -0.05 0.240675)
(-0.797147 0.05 0.240675)
(-0.774212 -0.05 0.306532)
(-0.774212 0.05 0.306532)
(-0.745848 -0.05 0.370241)
(-0.745848 0.05 0.370241)
(-0.712251 -0.05 0.431354)
(-0.712251 0.05 0.431354)
(-0.673658 -0.05 0.489441)
(-0.673658 0.05 0.489441)
(-0.630339 -0.05 0.544096)
(-0.630339 0.05 0.544096)
(-0.582601 -0.05 0.594931)
(-0.582601 0.05 0.594931)
(-0.530776 -0.05 0.641595)
(-0.530776 0.05 0.641595)
(-0.475226 -0.05 0.683761)
(-0.475226 0.05 0.683761)
(-0.416344 -0.05 0.721128)
(-0.416344 0.05 0.721128)
(-0.35454 -0.05 0.753438)
(-0.35454 0.05 0.753438)
(-0.290248 -0.05 0.780464)
(-0.290248 0.05 0.780464)
(-0.223928 -0.05 0.802012)
(-0.223928 0.05 0.802012)
(-0.156031 -0.05 0.817938)
(-0.156031 0.05 0.817938)
(-0.0870366 -0.05 0.828126)
(-0.0870366 0.05 0.828126)
(-0.0174368 -0.05 0.832504)
(-0.0174368 0.05 0.832504)
(0.0522842 -0.05 0.831043)
(0.0522842 0.05 0.831043)
(0.121642 -0.05 0.823754)
(0.121642 0.05 0.823754)
(0.190144 -0.05 0.810686)
(0.190144 0.05 0.810686)
(0.257311 -0.05 0.791933)
(0.257311 0.05 0.791933)
(0.322678 -0.05 0.767624)
(0.322678 0.05 0.767624)
(0.385783 -0.05 0.737929)
(0.385783 0.05 0.737929)
(0.446175 -0.05 0.703061)
(0.446175 0.05 0.703061)
(0.503443 -0.05 0.663259)
(0.503443 0.05 0.663259)
(0.557177 -0.05 0.618806)
(0.557177 0.05 0.618806)
(0.607 -0.05 0.570016)
(0.607 0.05 0.570016)
(0.652571 -0.05 0.517223)
(0.652571 0.05 0.517223)
(0.693564 -0.05 0.4608)
(0.693564 0.05 0.4608)
(0.729689 -0.05 0.401149)
(0.729689 0.05 0.401149)
(0.760698 -0.05 0.338684)
(0.760698 0.05 0.338684)
(0.786369 -0.05 0.273844)
(0.786369 0.05 0.273844)
(0.806527 -0.05 0.207082)
(0.806527 0.05 0.207082)
(0.821026 -0.05 0.138863)
(0.821026 0.05 0.138863)
(0.829766 -0.05 0.0696775)
(0.829766 0.05 0.0696775)
(0.903269 0.05 0)
(0.903269 -0.05 0)
(0.900101 -0.05 -0.0755837)
(0.900101 0.05 -0.0755837)
(0.89062 -0.05 -0.150633)
(0.89062 0.05 -0.150633)
(0.874891 -0.05 -0.224635)
(0.874891 0.05 -0.224635)
(0.853025 -0.05 -0.297056)
(0.853025 0.05 -0.297056)
(0.825178 -0.05 -0.367392)
(0.825178 0.05 -0.367392)
(0.791541 -0.05 -0.435152)
(0.791541 0.05 -0.435152)
(0.752354 -0.05 -0.49986)
(0.752354 0.05 -0.49986)
(0.707885 -0.05 -0.561065)
(0.707885 0.05 -0.561065)
(0.658452 -0.05 -0.618334)
(0.658452 0.05 -0.618334)
(0.604406 -0.05 -0.671259)
(0.604406 0.05 -0.671259)
(0.546117 -0.05 -0.71948)
(0.546117 0.05 -0.71948)
(0.483995 -0.05 -0.762656)
(0.483995 0.05 -0.762656)
(0.418484 -0.05 -0.800479)
(0.418484 0.05 -0.800479)
(0.35003 -0.05 -0.832691)
(0.35003 0.05 -0.832691)
(0.279122 -0.05 -0.859061)
(0.279122 0.05 -0.859061)
(0.206261 -0.05 -0.879403)
(0.206261 0.05 -0.879403)
(0.131953 -0.05 -0.893579)
(0.131953 0.05 -0.893579)
(0.056716 -0.05 -0.901486)
(0.056716 0.05 -0.901486)
(-0.0189146 -0.05 -0.903071)
(-0.0189146 0.05 -0.903071)
(-0.0944138 -0.05 -0.898321)
(-0.0944138 0.05 -0.898321)
(-0.169257 -0.05 -0.88727)
(-0.169257 0.05 -0.88727)
(-0.242909 -0.05 -0.869994)
(-0.242909 0.05 -0.869994)
(-0.314851 -0.05 -0.846619)
(-0.314851 0.05 -0.846619)
(-0.384593 -0.05 -0.817303)
(-0.384593 0.05 -0.817303)
(-0.451635 -0.05 -0.782254)
(-0.451635 0.05 -0.782254)
(-0.515508 -0.05 -0.741719)
(-0.515508 0.05 -0.741719)
(-0.575767 -0.05 -0.69598)
(-0.575767 0.05 -0.69598)
(-0.631985 -0.05 -0.64536)
(-0.631985 0.05 -0.64536)
(-0.683769 -0.05 -0.590216)
(-0.683769 0.05 -0.590216)
(-0.730761 -0.05 -0.530929)
(-0.730761 0.05 -0.530929)
(-0.772625 -0.05 -0.467917)
(-0.772625 0.05 -0.467917)
(-0.80907 -0.05 -0.401624)
(-0.80907 0.05 -0.401624)
(-0.839838 -0.05 -0.332515)
(-0.839838 0.05 -0.332515)
(-0.864717 -0.05 -0.261076)
(-0.864717 0.05 -0.261076)
(-0.883531 -0.05 -0.187798)
(-0.883531 0.05 -0.187798)
(-0.896147 -0.05 -0.113207)
(-0.896147 0.05 -0.113207)
(-0.902476 -0.05 -0.0378246)
(-0.902476 0.05 -0.0378246)
(-0.902476 -0.05 0.0378246)
(-0.902476 0.05 0.0378246)
(-0.896147 -0.05 0.113207)
(-0.896147 0.05 0.113207)
(-0.883531 -0.05 0.187798)
(-0.883531 0.05 0.187798)
(-0.864717 -0.05 0.261076)
(-0.864717 0.05 0.261076)
(-0.839838 -0.05 0.332515)
(-0.839838 0.05 0.332515)
(-0.80907 -0.05 0.401624)
(-0.80907 0.05 0.401624)
(-0.772625 -0.05 0.467917)
(-0.772625 0.05 0.467917)
(-0.730761 -0.05 0.530929)
(-0.730761 0.05 0.530929)
(-0.683769 -0.05 0.590216)
(-0.683769 0.05 0.590216)
(-0.631985 -0.05 0.64536)
(-0.631985 0.05 0.64536)
(-0.575767 -0.05 0.69598)
(-0.575767 0.05 0.69598)
(-0.515508 -0.05 0.741719)
(-0.515508 0.05 0.741719)
(-0.451635 -0.05 0.782254)
(-0.451635 0.05 0.782254)
(-0.384593 -0.05 0.817303)
(-0.384593 0.05 0.817303)
(-0.314851 -0.05 0.846619)
(-0.314851 0.05 0.846619)
(-0.242909 -0.05 0.869994)
(-0.242909 0.05 0.869994)
(-0.169257 -0.05 0.88727)
(-0.169257 0.05 0.88727)
(-0.0944138 -0.05 0.898321)
(-0.0944138 0.05 0.898321)
(-0.0189146 -0.05 0.903071)
(-0.0189146 0.05 0.903071)
(0.056716 -0.05 0.901486)
(0.056716 0.05 0.901486)
(0.131953 -0.05 0.893579)
(0.131953 0.05 0.893579)
(0.206261 -0.05 0.879403)
(0.206261 0.05 0.879403)
(0.279122 -0.05 0.859061)
(0.279122 0.05 0.859061)
(0.35003 -0.05 0.832691)
(0.35003 0.05 0.832691)
(0.418484 -0.05 0.800479)
(0.418484 0.05 0.800479)
(0.483995 -0.05 0.762656)
(0.483995 0.05 0.762656)
(0.546117 -0.05 0.71948)
(0.546117 0.05 0.71948)
(0.604406 -0.05 0.671259)
(0.604406 0.05 0.671259)
(0.658452 -0.05 0.618334)
(0.658452 0.05 0.618334)
(0.707885 -0.05 0.561065)
(0.707885 0.05 0.561065)
(0.752354 -0.05 0.49986)
(0.752354 0.05 0.49986)
(0.791541 -0.05 0.435152)
(0.791541 0.05 0.435152)
(0.825178 -0.05 0.367392)
(0.825178 0.05 0.367392)
(0.853025 -0.05 0.297056)
(0.853025 0.05 0.297056)
(0.874891 -0.05 0.224635)
(0.874891 0.05 0.224635)
(0.89062 -0.05 0.150633)
(0.89062 0.05 0.150633)
(0.900101 -0.05 0.0755837)
(0.900101 0.05 0.0755837)
(0.975263 0.05 0)
(0.975263 -0.05 0)
(0.971842 -0.05 -0.081608)
(0.971842 0.05 -0.081608)
(0.961606 -0.05 -0.162639)
(0.961606 0.05 -0.162639)
(0.944623 -0.05 -0.24254)
(0.944623 0.05 -0.24254)
(0.921015 -0.05 -0.320733)
(0.921015 0.05 -0.320733)
(0.890948 -0.05 -0.396674)
(0.890948 0.05 -0.396674)
(0.85463 -0.05 -0.469835)
(0.85463 0.05 -0.469835)
(0.812319 -0.05 -0.5397)
(0.812319 0.05 -0.5397)
(0.764306 -0.05 -0.605784)
(0.764306 0.05 -0.605784)
(0.710933 -0.05 -0.667617)
(0.710933 0.05 -0.667617)
(0.652579 -0.05 -0.72476)
(0.652579 0.05 -0.72476)
(0.589645 -0.05 -0.776825)
(0.589645 0.05 -0.776825)
(0.522571 -0.05 -0.823442)
(0.522571 0.05 -0.823442)
(0.451839 -0.05 -0.86428)
(0.451839 0.05 -0.86428)
(0.377929 -0.05 -0.89906)
(0.377929 0.05 -0.89906)
(0.301368 -0.05 -0.927532)
(0.301368 0.05 -0.927532)
(0.222701 -0.05 -0.949495)
(0.222701 0.05 -0.949495)
(0.14247 -0.05 -0.9648)
(0.14247 0.05 -0.9648)
(0.0612364 -0.05 -0.973338)
(0.0612364 0.05 -0.973338)
(-0.020422 -0.05 -0.975049)
(-0.020422 0.05 -0.975049)
(-0.101939 -0.05 -0.969921)
(-0.101939 0.05 -0.969921)
(-0.182748 -0.05 -0.957989)
(-0.182748 0.05 -0.957989)
(-0.26227 -0.05 -0.939336)
(-0.26227 0.05 -0.939336)
(-0.339945 -0.05 -0.914098)
(-0.339945 0.05 -0.914098)
(-0.415246 -0.05 -0.882446)
(-0.415246 0.05 -0.882446)
(-0.487632 -0.05 -0.844603)
(-0.487632 0.05 -0.844603)
(-0.556596 -0.05 -0.800837)
(-0.556596 0.05 -0.800837)
(-0.621658 -0.05 -0.751452)
(-0.621658 0.05 -0.751452)
(-0.682357 -0.05 -0.696798)
(-0.682357 0.05 -0.696798)
(-0.738268 -0.05 -0.637259)
(-0.738268 0.05 -0.637259)
(-0.789005 -0.05 -0.573246)
(-0.789005 0.05 -0.573246)
(-0.834206 -0.05 -0.505212)
(-0.834206 0.05 -0.505212)
(-0.873556 -0.05 -0.433634)
(-0.873556 0.05 -0.433634)
(-0.906776 -0.05 -0.359018)
(-0.906776 0.05 -0.359018)
(-0.933638 -0.05 -0.281885)
(-0.933638 0.05 -0.281885)
(-0.953952 -0.05 -0.202765)
(-0.953952 0.05 -0.202765)
(-0.967573 -0.05 -0.122229)
(-0.967573 0.05 -0.122229)
(-0.974407 -0.05 -0.0408394)
(-0.974407 0.05 -0.0408394)
(-0.974407 -0.05 0.0408394)
(-0.974407 0.05 0.0408394)
(-0.967573 -0.05 0.122229)
(-0.967573 0.05 0.122229)
(-0.953952 -0.05 0.202765)
(-0.953952 0.05 0.202765)
(-0.933638 -0.05 0.281885)
(-0.933638 0.05 0.281885)
(-0.906776 -0.05 0.359018)
(-0.906776 0.05 0.359018)
(-0.873556 -0.05 0.433634)
(-0.873556 0.05 0.433634)
(-0.834206 -0.05 0.505212)
(-0.834206 0.05 0.505212)
(-0.789005 -0.05 0.573246)
(-0.789005 0.05 0.573246)
(-0.738268 -0.05 0.637259)
(-0.738268 0.05 0.637259)
(-0.682357 -0.05 0.696798)
(-0.682357 0.05 0.696798)
(-0.621658 -0.05 0.751452)
(-0.621658 0.05 0.751452)
(-0.556596 -0.05 0.800837)
(-0.556596 0.05 0.800837)
(-0.487632 -0.05 0.844603)
(-0.487632 0.05 0.844603)
(-0.415246 -0.05 0.882446)
(-0.415246 0.05 0.882446)
(-0.339945 -0.05 0.914098)
(-0.339945 0.05 0.914098)
(-0.26227 -0.05 0.939336)
(-0.26227 0.05 0.939336)
(-0.182748 -0.05 0.957989)
(-0.182748 0.05 0.957989)
(-0.101939 -0.05 0.969921)
(-0.101939 0.05 0.969921)
(-0.020422 -0.05 0.975049)
(-0.020422 0.05 0.975049)
(0.0612364 -0.05 0.973338)
(0.0612364 0.05 0.973338)
(0.14247 -0.05 0.9648)
(0.14247 0.05 0.9648)
(0.222701 -0.05 0.949495)
(0.222701 0.05 0.949495)
(0.301368 -0.05 0.927532)
(0.301368 0.05 0.927532)
(0.377929 -0.05 0.89906)
(0.377929 0.05 0.89906)
(0.451839 -0.05 0.86428)
(0.451839 0.05 0.86428)
(0.522571 -0.05 0.823442)
(0.522571 0.05 0.823442)
(0.589645 -0.05 0.776825)
(0.589645 0.05 0.776825)
(0.652579 -0.05 0.72476)
(0.652579 0.05 0.72476)
(0.710933 -0.05 0.667617)
(0.710933 0.05 0.667617)
(0.764306 -0.05 0.605784)
(0.764306 0.05 0.605784)
(0.812319 -0.05 0.5397)
(0.812319 0.05 0.5397)
(0.85463 -0.05 0.469835)
(0.85463 0.05 0.469835)
(0.890948 -0.05 0.396674)
(0.890948 0.05 0.396674)
(0.921015 -0.05 0.320733)
(0.921015 0.05 0.320733)
(0.944623 -0.05 0.24254)
(0.944623 0.05 0.24254)
(0.961606 -0.05 0.162639)
(0.961606 0.05 0.162639)
(0.971842 -0.05 0.081608)
(0.971842 0.05 0.081608)
(1.0487 0.05 0)
(1.0487 -0.05 0)
(1.04502 -0.05 -0.0877528)
(1.04502 0.05 -0.0877528)
(1.03401 -0.05 -0.174884)
(1.03401 0.05 -0.174884)
(1.01575 -0.05 -0.260802)
(1.01575 0.05 -0.260802)
(0.990364 -0.05 -0.344883)
(0.990364 0.05 -0.344883)
(0.958033 -0.05 -0.426543)
(0.958033 0.05 -0.426543)
(0.918981 -0.05 -0.505212)
(0.918981 0.05 -0.505212)
(0.873484 -0.05 -0.580338)
(0.873484 0.05 -0.580338)
(0.821856 -0.05 -0.651398)
(0.821856 0.05 -0.651398)
(0.764463 -0.05 -0.717887)
(0.764463 0.05 -0.717887)
(0.701716 -0.05 -0.779332)
(0.701716 0.05 -0.779332)
(0.634043 -0.05 -0.835317)
(0.634043 0.05 -0.835317)
(0.561919 -0.05 -0.885445)
(0.561919 0.05 -0.885445)
(0.485861 -0.05 -0.929357)
(0.485861 0.05 -0.929357)
(0.406385 -0.05 -0.966756)
(0.406385 0.05 -0.966756)
(0.32406 -0.05 -0.997372)
(0.32406 0.05 -0.997372)
(0.23947 -0.05 -1.02099)
(0.23947 0.05 -1.02099)
(0.153198 -0.05 -1.03745)
(0.153198 0.05 -1.03745)
(0.0658472 -0.05 -1.04663)
(0.0658472 0.05 -1.04663)
(-0.0219595 -0.05 -1.04847)
(-0.0219595 0.05 -1.04847)
(-0.109614 -0.05 -1.04295)
(-0.109614 0.05 -1.04295)
(-0.196508 -0.05 -1.03012)
(-0.196508 0.05 -1.03012)
(-0.282018 -0.05 -1.01006)
(-0.282018 0.05 -1.01006)
(-0.365541 -0.05 -0.982927)
(-0.365541 0.05 -0.982927)
(-0.446512 -0.05 -0.948891)
(-0.446512 0.05 -0.948891)
(-0.524349 -0.05 -0.908198)
(-0.524349 0.05 -0.908198)
(-0.598505 -0.05 -0.861137)
(-0.598505 0.05 -0.861137)
(-0.668467 -0.05 -0.808033)
(-0.668467 0.05 -0.808033)
(-0.733736 -0.05 -0.749264)
(-0.733736 0.05 -0.749264)
(-0.793856 -0.05 -0.685243)
(-0.793856 0.05 -0.685243)
(-0.848414 -0.05 -0.616409)
(-0.848414 0.05 -0.616409)
(-0.897019 -0.05 -0.543252)
(-0.897019 0.05 -0.543252)
(-0.939332 -0.05 -0.466285)
(-0.939332 0.05 -0.466285)
(-0.975054 -0.05 -0.386051)
(-0.975054 0.05 -0.386051)
(-1.00394 -0.05 -0.30311)
(-1.00394 0.05 -0.30311)
(-1.02578 -0.05 -0.218033)
(-1.02578 0.05 -0.218033)
(-1.04043 -0.05 -0.131432)
(-1.04043 0.05 -0.131432)
(-1.04778 -0.05 -0.0439144)
(-1.04778 0.05 -0.0439144)
(-1.04778 -0.05 0.0439144)
(-1.04778 0.05 0.0439144)
(-1.04043 -0.05 0.131432)
(-1.04043 0.05 0.131432)
(-1.02578 -0.05 0.218033)
(-1.02578 0.05 0.218033)
(-1.00394 -0.05 0.30311)
(-1.00394 0.05 0.30311)
(-0.975054 -0.05 0.386051)
(-0.975054 0.05 0.386051)
(-0.939332 -0.05 0.466285)
(-0.939332 0.05 0.466285)
(-0.897019 -0.05 0.543252)
(-0.897019 0.05 0.543252)
(-0.848414 -0.05 0.616409)
(-0.848414 0.05 0.616409)
(-0.793856 -0.05 0.685243)
(-0.793856 0.05 0.685243)
(-0.733736 -0.05 0.749264)
(-0.733736 0.05 0.749264)
(-0.668467 -0.05 0.808033)
(-0.668467 0.05 0.808033)
(-0.598505 -0.05 0.861137)
(-0.598505 0.05 0.861137)
(-0.524349 -0.05 0.908198)
(-0.524349 0.05 0.908198)
(-0.446512 -0.05 0.948891)
(-0.446512 0.05 0.948891)
(-0.365541 -0.05 0.982927)
(-0.365541 0.05 0.982927)
(-0.282018 -0.05 1.01006)
(-0.282018 0.05 1.01006)
(-0.196508 -0.05 1.03012)
(-0.196508 0.05 1.03012)
(-0.109614 -0.05 1.04295)
(-0.109614 0.05 1.04295)
(-0.0219595 -0.05 1.04847)
(-0.0219595 0.05 1.04847)
(0.0658472 -0.05 1.04663)
(0.0658472 0.05 1.04663)
(0.153198 -0.05 1.03745)
(0.153198 0.05 1.03745)
(0.23947 -0.05 1.02099)
(0.23947 0.05 1.02099)
(0.32406 -0.05 0.997372)
(0.32406 0.05 0.997372)
(0.406385 -0.05 0.966756)
(0.406385 0.05 0.966756)
(0.485861 -0.05 0.929357)
(0.485861 0.05 0.929357)
(0.561919 -0.05 0.885445)
(0.561919 0.05 0.885445)
(0.634043 -0.05 0.835317)
(0.634043 0.05 0.835317)
(0.701716 -0.05 0.779332)
(0.701716 0.05 0.779332)
(0.764463 -0.05 0.717887)
(0.764463 0.05 0.717887)
(0.821856 -0.05 0.651398)
(0.821856 0.05 0.651398)
(0.873484 -0.05 0.580338)
(0.873484 0.05 0.580338)
(0.918981 -0.05 0.505212)
(0.918981 0.05 0.505212)
(0.958033 -0.05 0.426543)
(0.958033 0.05 0.426543)
(0.990364 -0.05 0.344883)
(0.990364 0.05 0.344883)
(1.01575 -0.05 0.260802)
(1.01575 0.05 0.260802)
(1.03401 -0.05 0.174884)
(1.03401 0.05 0.174884)
(1.04502 -0.05 0.0877528)
(1.04502 0.05 0.0877528)
(1.1236 0.05 0)
(1.1236 -0.05 0)
(1.11966 -0.05 -0.0940205)
(1.11966 0.05 -0.0940205)
(1.10787 -0.05 -0.187375)
(1.10787 0.05 -0.187375)
(1.0883 -0.05 -0.27943)
(1.0883 0.05 -0.27943)
(1.0611 -0.05 -0.369516)
(1.0611 0.05 -0.369516)
(1.02646 -0.05 -0.457008)
(1.02646 0.05 -0.457008)
(0.984618 -0.05 -0.541296)
(0.984618 0.05 -0.541296)
(0.935872 -0.05 -0.621788)
(0.935872 0.05 -0.621788)
(0.880556 -0.05 -0.697924)
(0.880556 0.05 -0.697924)
(0.819064 -0.05 -0.769162)
(0.819064 0.05 -0.769162)
(0.751836 -0.05 -0.834996)
(0.751836 0.05 -0.834996)
(0.67933 -0.05 -0.894979)
(0.67933 0.05 -0.894979)
(0.602053 -0.05 -0.948687)
(0.602053 0.05 -0.948687)
(0.520563 -0.05 -0.995736)
(0.520563 0.05 -0.995736)
(0.435411 -0.05 -1.03581)
(0.435411 0.05 -1.03581)
(0.347205 -0.05 -1.06861)
(0.347205 0.05 -1.06861)
(0.256574 -0.05 -1.09391)
(0.256574 0.05 -1.09391)
(0.16414 -0.05 -1.11155)
(0.16414 0.05 -1.11155)
(0.0705502 -0.05 -1.12138)
(0.0705502 0.05 -1.12138)
(-0.0235278 -0.05 -1.12335)
(-0.0235278 0.05 -1.12335)
(-0.117443 -0.05 -1.11744)
(-0.117443 0.05 -1.11744)
(-0.210544 -0.05 -1.1037)
(-0.210544 0.05 -1.1037)
(-0.302161 -0.05 -1.08221)
(-0.302161 0.05 -1.08221)
(-0.39165 -0.05 -1.05313)
(-0.39165 0.05 -1.05313)
(-0.478404 -0.05 -1.01666)
(-0.478404 0.05 -1.01666)
(-0.561801 -0.05 -0.973066)
(-0.561801 0.05 -0.973066)
(-0.641253 -0.05 -0.922643)
(-0.641253 0.05 -0.922643)
(-0.716212 -0.05 -0.865746)
(-0.716212 0.05 -0.865746)
(-0.786143 -0.05 -0.80278)
(-0.786143 0.05 -0.80278)
(-0.850557 -0.05 -0.734186)
(-0.850557 0.05 -0.734186)
(-0.909012 -0.05 -0.660435)
(-0.909012 0.05 -0.660435)
(-0.961088 -0.05 -0.582054)
(-0.961088 0.05 -0.582054)
(-1.00642 -0.05 -0.499589)
(-1.00642 0.05 -0.499589)
(-1.0447 -0.05 -0.413624)
(-1.0447 0.05 -0.413624)
(-1.07564 -0.05 -0.32476)
(-1.07564 0.05 -0.32476)
(-1.09905 -0.05 -0.233605)
(-1.09905 0.05 -0.233605)
(-1.11474 -0.05 -0.14082)
(-1.11474 0.05 -0.14082)
(-1.12261 -0.05 -0.047051)
(-1.12261 0.05 -0.047051)
(-1.12261 -0.05 0.047051)
(-1.12261 0.05 0.047051)
(-1.11474 -0.05 0.14082)
(-1.11474 0.05 0.14082)
(-1.09905 -0.05 0.233605)
(-1.09905 0.05 0.233605)
(-1.07564 -0.05 0.32476)
(-1.07564 0.05 0.32476)
(-1.0447 -0.05 0.413624)
(-1.0447 0.05 0.413624)
(-1.00642 -0.05 0.499589)
(-1.00642 0.05 0.499589)
(-0.961088 -0.05 0.582054)
(-0.961088 0.05 0.582054)
(-0.909012 -0.05 0.660435)
(-0.909012 0.05 0.660435)
(-0.850557 -0.05 0.734186)
(-0.850557 0.05 0.734186)
(-0.786143 -0.05 0.80278)
(-0.786143 0.05 0.80278)
(-0.716212 -0.05 0.865746)
(-0.716212 0.05 0.865746)
(-0.641253 -0.05 0.922643)
(-0.641253 0.05 0.922643)
(-0.561801 -0.05 0.973066)
(-0.561801 0.05 0.973066)
(-0.478404 -0.05 1.01666)
(-0.478404 0.05 1.01666)
(-0.39165 -0.05 1.05313)
(-0.39165 0.05 1.05313)
(-0.302161 -0.05 1.08221)
(-0.302161 0.05 1.08221)
(-0.210544 -0.05 1.1037)
(-0.210544 0.05 1.1037)
(-0.117443 -0.05 1.11744)
(-0.117443 0.05 1.11744)
(-0.0235278 -0.05 1.12335)
(-0.0235278 0.05 1.12335)
(0.0705502 -0.05 1.12138)
(0.0705502 0.05 1.12138)
(0.16414 -0.05 1.11155)
(0.16414 0.05 1.11155)
(0.256574 -0.05 1.09391)
(0.256574 0.05 1.09391)
(0.347205 -0.05 1.06861)
(0.347205 0.05 1.06861)
(0.435411 -0.05 1.03581)
(0.435411 0.05 1.03581)
(0.520563 -0.05 0.995736)
(0.520563 0.05 0.995736)
(0.602053 -0.05 0.948687)
(0.602053 0.05 0.948687)
(0.67933 -0.05 0.894979)
(0.67933 0.05 0.894979)
(0.751836 -0.05 0.834996)
(0.751836 0.05 0.834996)
(0.819064 -0.05 0.769162)
(0.819064 0.05 0.769162)
(0.880556 -0.05 0.697924)
(0.880556 0.05 0.697924)
(0.935872 -0.05 0.621788)
(0.935872 0.05 0.621788)
(0.984618 -0.05 0.541296)
(0.984618 0.05 0.541296)
(1.02646 -0.05 0.457008)
(1.02646 0.05 0.457008)
(1.0611 -0.05 0.369516)
(1.0611 0.05 0.369516)
(1.0883 -0.05 0.27943)
(1.0883 0.05 0.27943)
(1.10787 -0.05 0.187375)
(1.10787 0.05 0.187375)
(1.11966 -0.05 0.0940205)
(1.11966 0.05 0.0940205)
(1.2 0.05 0)
(1.2 -0.05 0)
(1.19579 -0.05 -0.100414)
(1.19579 0.05 -0.100414)
(1.1832 -0.05 -0.200116)
(1.1832 0.05 -0.200116)
(1.1623 -0.05 -0.29843)
(1.1623 0.05 -0.29843)
(1.13325 -0.05 -0.394642)
(1.13325 0.05 -0.394642)
(1.09626 -0.05 -0.488083)
(1.09626 0.05 -0.488083)
(1.05157 -0.05 -0.578102)
(1.05157 0.05 -0.578102)
(0.999508 -0.05 -0.664067)
(0.999508 0.05 -0.664067)
(0.94043 -0.05 -0.74538)
(0.94043 0.05 -0.74538)
(0.874757 -0.05 -0.821462)
(0.874757 0.05 -0.821462)
(0.802958 -0.05 -0.891772)
(0.802958 0.05 -0.891772)
(0.725522 -0.05 -0.955834)
(0.725522 0.05 -0.955834)
(0.642991 -0.05 -1.01319)
(0.642991 0.05 -1.01319)
(0.55596 -0.05 -1.06344)
(0.55596 0.05 -1.06344)
(0.465017 -0.05 -1.10624)
(0.465017 0.05 -1.10624)
(0.370813 -0.05 -1.14127)
(0.370813 0.05 -1.14127)
(0.27402 -0.05 -1.16829)
(0.27402 0.05 -1.16829)
(0.175301 -0.05 -1.18713)
(0.175301 0.05 -1.18713)
(0.0753473 -0.05 -1.19763)
(0.0753473 0.05 -1.19763)
(-0.0251274 -0.05 -1.19974)
(-0.0251274 0.05 -1.19974)
(-0.125428 -0.05 -1.19343)
(-0.125428 0.05 -1.19343)
(-0.22486 -0.05 -1.17874)
(-0.22486 0.05 -1.17874)
(-0.322707 -0.05 -1.15579)
(-0.322707 0.05 -1.15579)
(-0.41828 -0.05 -1.12474)
(-0.41828 0.05 -1.12474)
(-0.510934 -0.05 -1.08579)
(-0.510934 0.05 -1.08579)
(-0.600001 -0.05 -1.03923)
(-0.600001 0.05 -1.03923)
(-0.684856 -0.05 -0.98538)
(-0.684856 0.05 -0.98538)
(-0.764912 -0.05 -0.924614)
(-0.764912 0.05 -0.924614)
(-0.839597 -0.05 -0.857366)
(-0.839597 0.05 -0.857366)
(-0.908391 -0.05 -0.784108)
(-0.908391 0.05 -0.784108)
(-0.970821 -0.05 -0.705343)
(-0.970821 0.05 -0.705343)
(-1.02644 -0.05 -0.621631)
(-1.02644 0.05 -0.621631)
(-1.07486 -0.05 -0.533559)
(-1.07486 0.05 -0.533559)
(-1.11573 -0.05 -0.441749)
(-1.11573 0.05 -0.441749)
(-1.14878 -0.05 -0.346843)
(-1.14878 0.05 -0.346843)
(-1.17378 -0.05 -0.249489)
(-1.17378 0.05 -0.249489)
(-1.19054 -0.05 -0.150395)
(-1.19054 0.05 -0.150395)
(-1.19895 -0.05 -0.0502502)
(-1.19895 0.05 -0.0502502)
(-1.19895 -0.05 0.0502502)
(-1.19895 0.05 0.0502502)
(-1.19054 -0.05 0.150395)
(-1.19054 0.05 0.150395)
(-1.17378 -0.05 0.249489)
(-1.17378 0.05 0.249489)
(-1.14878 -0.05 0.346843)
(-1.14878 0.05 0.346843)
(-1.11573 -0.05 0.441749)
(-1.11573 0.05 0.441749)
(-1.07486 -0.05 0.533559)
(-1.07486 0.05 0.533559)
(-1.02644 -0.05 0.621631)
(-1.02644 0.05 0.621631)
(-0.970821 -0.05 0.705343)
(-0.970821 0.05 0.705343)
(-0.908391 -0.05 0.784108)
(-0.908391 0.05 0.784108)
(-0.839597 -0.05 0.857366)
(-0.839597 0.05 0.857366)
(-0.764912 -0.05 0.924614)
(-0.764912 0.05 0.924614)
(-0.684856 -0.05 0.98538)
(-0.684856 0.05 0.98538)
(-0.600001 -0.05 1.03923)
(-0.600001 0.05 1.03923)
(-0.510934 -0.05 1.08579)
(-0.510934 0.05 1.08579)
(-0.41828 -0.05 1.12474)
(-0.41828 0.05 1.12474)
(-0.322707 -0.05 1.15579)
(-0.322707 0.05 1.15579)
(-0.22486 -0.05 1.17874)
(-0.22486 0.05 1.17874)
(-0.125428 -0.05 1.19343)
(-0.125428 0.05 1.19343)
(-0.0251274 -0.05 1.19974)
(-0.0251274 0.05 1.19974)
(0.0753473 -0.05 1.19763)
(0.0753473 0.05 1.19763)
(0.175301 -0.05 1.18713)
(0.175301 0.05 1.18713)
(0.27402 -0.05 1.16829)
(0.27402 0.05 1.16829)
(0.370813 -0.05 1.14127)
(0.370813 0.05 1.14127)
(0.465017 -0.05 1.10624)
(0.465017 0.05 1.10624)
(0.55596 -0.05 1.06344)
(0.55596 0.05 1.06344)
(0.642991 -0.05 1.01319)
(0.642991 0.05 1.01319)
(0.725522 -0.05 0.955834)
(0.725522 0.05 0.955834)
(0.802958 -0.05 0.891772)
(0.802958 0.05 0.891772)
(0.874757 -0.05 0.821462)
(0.874757 0.05 0.821462)
(0.94043 -0.05 0.74538)
(0.94043 0.05 0.74538)
(0.999508 -0.05 0.664067)
(0.999508 0.05 0.664067)
(1.05157 -0.05 0.578102)
(1.05157 0.05 0.578102)
(1.09626 -0.05 0.488083)
(1.09626 0.05 0.488083)
(1.13325 -0.05 0.394642)
(1.13325 0.05 0.394642)
(1.1623 -0.05 0.29843)
(1.1623 0.05 0.29843)
(1.1832 -0.05 0.200116)
(1.1832 0.05 0.200116)
(1.19579 -0.05 0.100414)
(1.19579 0.05 0.100414)
)


// ************************************************************************* //
