/*--------------------------------*- C++ -*----------------------------------*\
| =========                 |                                                 |
| \\      /  F ield         | OpenFOAM: The Open Source CFD Toolbox           |
|  \\    /   O peration     | Version:  v2006                                 |
|   \\  /    A nd           | Website:  www.openfoam.com                      |
|    \\/     M anipulation  |                                                 |
\*---------------------------------------------------------------------------*/
FoamFile
{
    version     2.0;
    format      ascii;
    class       vectorField;
    location    "constant/polyMesh";
    object      points;
}
// * * * * * * * * * * * * * * * * * * * * * * * * * * * * * * * * * * * * * //


1650
(
(2.5 0.05 0)
(2.5 -0.05 0)
(2.498246 -0.05 -0.0418389)
(2.498246 0.05 -0.0418389)
(2.492998 -0.05 -0.0833844)
(2.492998 0.05 -0.0833844)
(2.484292 -0.05 -0.124345)
(2.484292 0.05 -0.124345)
(2.472188 -0.05 -0.164433)
(2.472188 0.05 -0.164433)
(2.456773 -0.05 -0.203368)
(2.456773 0.05 -0.203368)
(2.438153 -0.05 -0.240877)
(2.438153 0.05 -0.240877)
(2.416461 -0.05 -0.276696)
(2.416461 0.05 -0.276696)
(2.391847 -0.05 -0.310574)
(2.391847 0.05 -0.310574)
(2.364484 -0.05 -0.342274)
(2.364484 0.05 -0.342274)
(2.334565 -0.05 -0.371572)
(2.334565 0.05 -0.371572)
(2.3023 -0.05 -0.398265)
(2.3023 0.05 -0.398265)
(2.267913 -0.05 -0.422164)
(2.267913 0.05 -0.422164)
(2.231648 -0.05 -0.443102)
(2.231648 0.05 -0.443102)
(2.193758 -0.05 -0.460932)
(2.193758 0.05 -0.460932)
(2.154509 -0.05 -0.475528)
(2.154509 0.05 -0.475528)
(2.114175 -0.05 -0.486789)
(2.114175 0.05 -0.486789)
(2.0730415 -0.05 -0.494636)
(2.0730415 0.05 -0.494636)
(2.0313953 -0.05 -0.499013)
(2.0313953 0.05 -0.499013)
(1.9895288 -0.05 -0.49989)
(1.9895288 0.05 -0.49989)
(1.9477358 -0.05 -0.497261)
(1.9477358 0.05 -0.497261)
(1.9063093 -0.05 -0.491144)
(1.9063093 0.05 -0.491144)
(1.86554 -0.05 -0.481581)
(1.86554 0.05 -0.481581)
(1.825714 -0.05 -0.468641)
(1.825714 0.05 -0.468641)
(1.78711 -0.05 -0.452414)
(1.78711 0.05 -0.452414)
(1.75 -0.05 -0.433013)
(1.75 0.05 -0.433013)
(1.714643 -0.05 -0.410575)
(1.714643 0.05 -0.410575)
(1.681288 -0.05 -0.385257)
(1.681288 0.05 -0.385257)
(1.650168 -0.05 -0.357236)
(1.650168 0.05 -0.357236)
(1.621502 -0.05 -0.32671)
(1.621502 0.05 -0.32671)
(1.595491 -0.05 -0.293893)
(1.595491 0.05 -0.293893)
(1.572318 -0.05 -0.259014)
(1.572318 0.05 -0.259014)
(1.552144 -0.05 -0.222318)
(1.552144 0.05 -0.222318)
(1.535112 -0.05 -0.184062)
(1.535112 0.05 -0.184062)
(1.52134 -0.05 -0.144516)
(1.52134 0.05 -0.144516)
(1.510926 -0.05 -0.103956)
(1.510926 0.05 -0.103956)
(1.503943 -0.05 -0.0626666)
(1.503943 0.05 -0.0626666)
(1.500439 -0.05 -0.0209378)
(1.500439 0.05 -0.0209378)
(1.500439 -0.05 0.0209378)
(1.500439 0.05 0.0209378)
(1.503943 -0.05 0.0626666)
(1.503943 0.05 0.0626666)
(1.510926 -0.05 0.103956)
(1.510926 0.05 0.103956)
(1.52134 -0.05 0.144516)
(1.52134 0.05 0.144516)
(1.535112 -0.05 0.184062)
(1.535112 0.05 0.184062)
(1.552144 -0.05 0.222318)
(1.552144 0.05 0.222318)
(1.572318 -0.05 0.259014)
(1.572318 0.05 0.259014)
(1.595491 -0.05 0.293893)
(1.595491 0.05 0.293893)
(1.621502 -0.05 0.32671)
(1.621502 0.05 0.32671)
(1.650168 -0.05 0.357236)
(1.650168 0.05 0.357236)
(1.681288 -0.05 0.385257)
(1.681288 0.05 0.385257)
(1.714643 -0.05 0.410575)
(1.714643 0.05 0.410575)
(1.75 -0.05 0.433013)
(1.75 0.05 0.433013)
(1.78711 -0.05 0.452414)
(1.78711 0.05 0.452414)
(1.825714 -0.05 0.468641)
(1.825714 0.05 0.468641)
(1.86554 -0.05 0.481581)
(1.86554 0.05 0.481581)
(1.9063093 -0.05 0.491144)
(1.9063093 0.05 0.491144)
(1.9477358 -0.05 0.497261)
(1.9477358 0.05 0.497261)
(1.9895288 -0.05 0.49989)
(1.9895288 0.05 0.49989)
(2.0313953 -0.05 0.499013)
(2.0313953 0.05 0.499013)
(2.0730415 -0.05 0.494636)
(2.0730415 0.05 0.494636)
(2.114175 -0.05 0.486789)
(2.114175 0.05 0.486789)
(2.154509 -0.05 0.475528)
(2.154509 0.05 0.475528)
(2.193758 -0.05 0.460932)
(2.193758 0.05 0.460932)
(2.231648 -0.05 0.443102)
(2.231648 0.05 0.443102)
(2.267913 -0.05 0.422164)
(2.267913 0.05 0.422164)
(2.3023 -0.05 0.398265)
(2.3023 0.05 0.398265)
(2.334565 -0.05 0.371572)
(2.334565 0.05 0.371572)
(2.364484 -0.05 0.342274)
(2.364484 0.05 0.342274)
(2.391847 -0.05 0.310574)
(2.391847 0.05 0.310574)
(2.416461 -0.05 0.276696)
(2.416461 0.05 0.276696)
(2.438153 -0.05 0.240877)
(2.438153 0.05 0.240877)
(2.456773 -0.05 0.203368)
(2.456773 0.05 0.203368)
(2.472188 -0.05 0.164433)
(2.472188 0.05 0.164433)
(2.484292 -0.05 0.124345)
(2.484292 0.05 0.124345)
(2.492998 -0.05 0.0833844)
(2.492998 0.05 0.0833844)
(2.498246 -0.05 0.0418389)
(2.498246 0.05 0.0418389)
(2.563929 0.05 0)
(2.563929 -0.05 0)
(2.56195 -0.05 -0.0471883)
(2.56195 0.05 -0.0471883)
(2.556031 -0.05 -0.094045)
(2.556031 0.05 -0.094045)
(2.546212 -0.05 -0.140244)
(2.546212 0.05 -0.140244)
(2.532561 -0.05 -0.185457)
(2.532561 0.05 -0.185457)
(2.515175 -0.05 -0.22937)
(2.515175 0.05 -0.22937)
(2.494174 -0.05 -0.271675)
(2.494174 0.05 -0.271675)
(2.469709 -0.05 -0.312073)
(2.469709 0.05 -0.312073)
(2.441947 -0.05 -0.350283)
(2.441947 0.05 -0.350283)
(2.411085 -0.05 -0.386037)
(2.411085 0.05 -0.386037)
(2.377342 -0.05 -0.41908)
(2.377342 0.05 -0.41908)
(2.340951 -0.05 -0.449186)
(2.340951 0.05 -0.449186)
(2.302168 -0.05 -0.476141)
(2.302168 0.05 -0.476141)
(2.261266 -0.05 -0.499756)
(2.261266 0.05 -0.499756)
(2.218531 -0.05 -0.519865)
(2.218531 0.05 -0.519865)
(2.174263 -0.05 -0.536328)
(2.174263 0.05 -0.536328)
(2.128773 -0.05 -0.549029)
(2.128773 0.05 -0.549029)
(2.0823805 -0.05 -0.557879)
(2.0823805 0.05 -0.557879)
(2.0354093 -0.05 -0.562815)
(2.0354093 0.05 -0.562815)
(1.9881903 -0.05 -0.563805)
(1.9881903 0.05 -0.563805)
(1.941054 -0.05 -0.560839)
(1.941054 0.05 -0.560839)
(1.89433 -0.05 -0.55394)
(1.89433 0.05 -0.55394)
(1.848348 -0.05 -0.543155)
(1.848348 0.05 -0.543155)
(1.803431 -0.05 -0.52856)
(1.803431 0.05 -0.52856)
(1.759891 -0.05 -0.510258)
(1.759891 0.05 -0.510258)
(1.718036 -0.05 -0.488377)
(1.718036 0.05 -0.488377)
(1.678158 -0.05 -0.46307)
(1.678158 0.05 -0.46307)
(1.640538 -0.05 -0.434515)
(1.640538 0.05 -0.434515)
(1.605439 -0.05 -0.402911)
(1.605439 0.05 -0.402911)
(1.573109 -0.05 -0.368483)
(1.573109 0.05 -0.368483)
(1.543772 -0.05 -0.331469)
(1.543772 0.05 -0.331469)
(1.517636 -0.05 -0.292131)
(1.517636 0.05 -0.292131)
(1.494882 -0.05 -0.250743)
(1.494882 0.05 -0.250743)
(1.475673 -0.05 -0.207596)
(1.475673 0.05 -0.207596)
(1.46014 -0.05 -0.162994)
(1.46014 0.05 -0.162994)
(1.448394 -0.05 -0.117247)
(1.448394 0.05 -0.117247)
(1.440518 -0.05 -0.0706785)
(1.440518 0.05 -0.0706785)
(1.436567 -0.05 -0.0236148)
(1.436567 0.05 -0.0236148)
(1.436567 -0.05 0.0236148)
(1.436567 0.05 0.0236148)
(1.440518 -0.05 0.0706785)
(1.440518 0.05 0.0706785)
(1.448394 -0.05 0.117247)
(1.448394 0.05 0.117247)
(1.46014 -0.05 0.162994)
(1.46014 0.05 0.162994)
(1.475673 -0.05 0.207596)
(1.475673 0.05 0.207596)
(1.494882 -0.05 0.250743)
(1.494882 0.05 0.250743)
(1.517636 -0.05 0.292131)
(1.517636 0.05 0.292131)
(1.543772 -0.05 0.331469)
(1.543772 0.05 0.331469)
(1.573109 -0.05 0.368483)
(1.573109 0.05 0.368483)
(1.605439 -0.05 0.402911)
(1.605439 0.05 0.402911)
(1.640538 -0.05 0.434515)
(1.640538 0.05 0.434515)
(1.678158 -0.05 0.46307)
(1.678158 0.05 0.46307)
(1.718036 -0.05 0.488377)
(1.718036 0.05 0.488377)
(1.759891 -0.05 0.510258)
(1.759891 0.05 0.510258)
(1.803431 -0.05 0.52856)
(1.803431 0.05 0.52856)
(1.848348 -0.05 0.543155)
(1.848348 0.05 0.543155)
(1.89433 -0.05 0.55394)
(1.89433 0.05 0.55394)
(1.941054 -0.05 0.560839)
(1.941054 0.05 0.560839)
(1.9881903 -0.05 0.563805)
(1.9881903 0.05 0.563805)
(2.0354093 -0.05 0.562815)
(2.0354093 0.05 0.562815)
(2.0823805 -0.05 0.557879)
(2.0823805 0.05 0.557879)
(2.128773 -0.05 0.549029)
(2.128773 0.05 0.549029)
(2.174263 -0.05 0.536328)
(2.174263 0.05 0.536328)
(2.218531 -0.05 0.519865)
(2.218531 0.05 0.519865)
(2.261266 -0.05 0.499756)
(2.261266 0.05 0.499756)
(2.302168 -0.05 0.476141)
(2.302168 0.05 0.476141)
(2.340951 -0.05 0.449186)
(2.340951 0.05 0.449186)
(2.377342 -0.05 0.41908)
(2.377342 0.05 0.41908)
(2.411085 -0.05 0.386037)
(2.411085 0.05 0.386037)
(2.441947 -0.05 0.350283)
(2.441947 0.05 0.350283)
(2.469709 -0.05 0.312073)
(2.469709 0.05 0.312073)
(2.494174 -0.05 0.271675)
(2.494174 0.05 0.271675)
(2.515175 -0.05 0.22937)
(2.515175 0.05 0.22937)
(2.532561 -0.05 0.185457)
(2.532561 0.05 0.185457)
(2.546212 -0.05 0.140244)
(2.546212 0.05 0.140244)
(2.556031 -0.05 0.094045)
(2.556031 0.05 0.094045)
(2.56195 -0.05 0.0471883)
(2.56195 0.05 0.0471883)
(2.629136 0.05 0)
(2.629136 -0.05 0)
(2.626929 -0.05 -0.0526447)
(2.626929 0.05 -0.0526447)
(2.620326 -0.05 -0.104919)
(2.620326 0.05 -0.104919)
(2.609371 -0.05 -0.15646)
(2.609371 0.05 -0.15646)
(2.594141 -0.05 -0.206902)
(2.594141 0.05 -0.206902)
(2.574744 -0.05 -0.255892)
(2.574744 0.05 -0.255892)
(2.551316 -0.05 -0.303088)
(2.551316 0.05 -0.303088)
(2.524021 -0.05 -0.348158)
(2.524021 0.05 -0.348158)
(2.493049 -0.05 -0.390787)
(2.493049 0.05 -0.390787)
(2.458619 -0.05 -0.430674)
(2.458619 0.05 -0.430674)
(2.420974 -0.05 -0.467538)
(2.420974 0.05 -0.467538)
(2.380376 -0.05 -0.501125)
(2.380376 0.05 -0.501125)
(2.337107 -0.05 -0.531197)
(2.337107 0.05 -0.531197)
(2.291477 -0.05 -0.557542)
(2.291477 0.05 -0.557542)
(2.2438 -0.05 -0.579978)
(2.2438 0.05 -0.579978)
(2.194413 -0.05 -0.598344)
(2.194413 0.05 -0.598344)
(2.143663 -0.05 -0.612513)
(2.143663 0.05 -0.612513)
(2.0919063 -0.05 -0.622386)
(2.0919063 0.05 -0.622386)
(2.0395035 -0.05 -0.627894)
(2.0395035 0.05 -0.627894)
(1.986825 -0.05 -0.628997)
(1.986825 0.05 -0.628997)
(1.9342385 -0.05 -0.625689)
(1.9342385 0.05 -0.625689)
(1.882111 -0.05 -0.617992)
(1.882111 0.05 -0.617992)
(1.830812 -0.05 -0.60596)
(1.830812 0.05 -0.60596)
(1.780702 -0.05 -0.589678)
(1.780702 0.05 -0.589678)
(1.732127 -0.05 -0.56926)
(1.732127 0.05 -0.56926)
(1.685432 -0.05 -0.544848)
(1.685432 0.05 -0.544848)
(1.640944 -0.05 -0.516615)
(1.640944 0.05 -0.516615)
(1.598973 -0.05 -0.484757)
(1.598973 0.05 -0.484757)
(1.559816 -0.05 -0.4495)
(1.559816 0.05 -0.4495)
(1.523747 -0.05 -0.411091)
(1.523747 0.05 -0.411091)
(1.491018 -0.05 -0.369797)
(1.491018 0.05 -0.369797)
(1.46186 -0.05 -0.325909)
(1.46186 0.05 -0.325909)
(1.436475 -0.05 -0.279736)
(1.436475 0.05 -0.279736)
(1.415045 -0.05 -0.2316)
(1.415045 0.05 -0.2316)
(1.397716 -0.05 -0.181841)
(1.397716 0.05 -0.181841)
(1.384612 -0.05 -0.130804)
(1.384612 0.05 -0.130804)
(1.375825 -0.05 -0.0788506)
(1.375825 0.05 -0.0788506)
(1.371417 -0.05 -0.0263453)
(1.371417 0.05 -0.0263453)
(1.371417 -0.05 0.0263453)
(1.371417 0.05 0.0263453)
(1.375825 -0.05 0.0788506)
(1.375825 0.05 0.0788506)
(1.384612 -0.05 0.130804)
(1.384612 0.05 0.130804)
(1.397716 -0.05 0.181841)
(1.397716 0.05 0.181841)
(1.415045 -0.05 0.2316)
(1.415045 0.05 0.2316)
(1.436475 -0.05 0.279736)
(1.436475 0.05 0.279736)
(1.46186 -0.05 0.325909)
(1.46186 0.05 0.325909)
(1.491018 -0.05 0.369797)
(1.491018 0.05 0.369797)
(1.523747 -0.05 0.411091)
(1.523747 0.05 0.411091)
(1.559816 -0.05 0.4495)
(1.559816 0.05 0.4495)
(1.598973 -0.05 0.484757)
(1.598973 0.05 0.484757)
(1.640944 -0.05 0.516615)
(1.640944 0.05 0.516615)
(1.685432 -0.05 0.544848)
(1.685432 0.05 0.544848)
(1.732127 -0.05 0.56926)
(1.732127 0.05 0.56926)
(1.780702 -0.05 0.589678)
(1.780702 0.05 0.589678)
(1.830812 -0.05 0.60596)
(1.830812 0.05 0.60596)
(1.882111 -0.05 0.617992)
(1.882111 0.05 0.617992)
(1.9342385 -0.05 0.625689)
(1.9342385 0.05 0.625689)
(1.986825 -0.05 0.628997)
(1.986825 0.05 0.628997)
(2.0395035 -0.05 0.627894)
(2.0395035 0.05 0.627894)
(2.0919063 -0.05 0.622386)
(2.0919063 0.05 0.622386)
(2.143663 -0.05 0.612513)
(2.143663 0.05 0.612513)
(2.194413 -0.05 0.598344)
(2.194413 0.05 0.598344)
(2.2438 -0.05 0.579978)
(2.2438 0.05 0.579978)
(2.291477 -0.05 0.557542)
(2.291477 0.05 0.557542)
(2.337107 -0.05 0.531197)
(2.337107 0.05 0.531197)
(2.380376 -0.05 0.501125)
(2.380376 0.05 0.501125)
(2.420974 -0.05 0.467538)
(2.420974 0.05 0.467538)
(2.458619 -0.05 0.430674)
(2.458619 0.05 0.430674)
(2.493049 -0.05 0.390787)
(2.493049 0.05 0.390787)
(2.524021 -0.05 0.348158)
(2.524021 0.05 0.348158)
(2.551316 -0.05 0.303088)
(2.551316 0.05 0.303088)
(2.574744 -0.05 0.255892)
(2.574744 0.05 0.255892)
(2.594141 -0.05 0.206902)
(2.594141 0.05 0.206902)
(2.609371 -0.05 0.15646)
(2.609371 0.05 0.15646)
(2.620326 -0.05 0.104919)
(2.620326 0.05 0.104919)
(2.626929 -0.05 0.0526447)
(2.626929 0.05 0.0526447)
(2.695647 0.05 0)
(2.695647 -0.05 0)
(2.693207 -0.05 -0.0582103)
(2.693207 0.05 -0.0582103)
(2.685905 -0.05 -0.11601)
(2.685905 0.05 -0.11601)
(2.673792 -0.05 -0.173001)
(2.673792 0.05 -0.173001)
(2.656952 -0.05 -0.228775)
(2.656952 0.05 -0.228775)
(2.635506 -0.05 -0.282945)
(2.635506 0.05 -0.282945)
(2.6096 -0.05 -0.33513)
(2.6096 0.05 -0.33513)
(2.57942 -0.05 -0.384964)
(2.57942 0.05 -0.384964)
(2.545174 -0.05 -0.4321)
(2.545174 0.05 -0.4321)
(2.507103 -0.05 -0.476205)
(2.507103 0.05 -0.476205)
(2.465479 -0.05 -0.516966)
(2.465479 0.05 -0.516966)
(2.420589 -0.05 -0.554103)
(2.420589 0.05 -0.554103)
(2.372746 -0.05 -0.587354)
(2.372746 0.05 -0.587354)
(2.322292 -0.05 -0.616484)
(2.322292 0.05 -0.616484)
(2.269574 -0.05 -0.641292)
(2.269574 0.05 -0.641292)
(2.214965 -0.05 -0.6616)
(2.214965 0.05 -0.6616)
(2.158851 -0.05 -0.677267)
(2.158851 0.05 -0.677267)
(2.101623 -0.05 -0.688184)
(2.101623 0.05 -0.688184)
(2.0436797 -0.05 -0.694274)
(2.0436797 0.05 -0.694274)
(1.9854324 -0.05 -0.695494)
(1.9854324 0.05 -0.695494)
(1.9272868 -0.05 -0.691836)
(1.9272868 0.05 -0.691836)
(1.869648 -0.05 -0.683325)
(1.869648 0.05 -0.683325)
(1.812926 -0.05 -0.670021)
(1.812926 0.05 -0.670021)
(1.757519 -0.05 -0.652018)
(1.757519 0.05 -0.652018)
(1.703808 -0.05 -0.629441)
(1.703808 0.05 -0.629441)
(1.652176 -0.05 -0.602448)
(1.652176 0.05 -0.602448)
(1.602985 -0.05 -0.57123)
(1.602985 0.05 -0.57123)
(1.556577 -0.05 -0.536005)
(1.556577 0.05 -0.536005)
(1.513281 -0.05 -0.49702)
(1.513281 0.05 -0.49702)
(1.473399 -0.05 -0.454551)
(1.473399 0.05 -0.454551)
(1.437209 -0.05 -0.408891)
(1.437209 0.05 -0.408891)
(1.404968 -0.05 -0.360364)
(1.404968 0.05 -0.360364)
(1.3769 -0.05 -0.309309)
(1.3769 0.05 -0.309309)
(1.353204 -0.05 -0.256084)
(1.353204 0.05 -0.256084)
(1.334044 -0.05 -0.201065)
(1.334044 0.05 -0.201065)
(1.319554 -0.05 -0.144632)
(1.319554 0.05 -0.144632)
(1.309839 -0.05 -0.0871862)
(1.309839 0.05 -0.0871862)
(1.304964 -0.05 -0.0291305)
(1.304964 0.05 -0.0291305)
(1.304964 -0.05 0.0291305)
(1.304964 0.05 0.0291305)
(1.309839 -0.05 0.0871862)
(1.309839 0.05 0.0871862)
(1.319554 -0.05 0.144632)
(1.319554 0.05 0.144632)
(1.334044 -0.05 0.201065)
(1.334044 0.05 0.201065)
(1.353204 -0.05 0.256084)
(1.353204 0.05 0.256084)
(1.3769 -0.05 0.309309)
(1.3769 0.05 0.309309)
(1.404968 -0.05 0.360364)
(1.404968 0.05 0.360364)
(1.437209 -0.05 0.408891)
(1.437209 0.05 0.408891)
(1.473399 -0.05 0.454551)
(1.473399 0.05 0.454551)
(1.513281 -0.05 0.49702)
(1.513281 0.05 0.49702)
(1.556577 -0.05 0.536005)
(1.556577 0.05 0.536005)
(1.602985 -0.05 0.57123)
(1.602985 0.05 0.57123)
(1.652176 -0.05 0.602448)
(1.652176 0.05 0.602448)
(1.703808 -0.05 0.629441)
(1.703808 0.05 0.629441)
(1.757519 -0.05 0.652018)
(1.757519 0.05 0.652018)
(1.812926 -0.05 0.670021)
(1.812926 0.05 0.670021)
(1.869648 -0.05 0.683325)
(1.869648 0.05 0.683325)
(1.9272868 -0.05 0.691836)
(1.9272868 0.05 0.691836)
(1.9854324 -0.05 0.695494)
(1.9854324 0.05 0.695494)
(2.0436797 -0.05 0.694274)
(2.0436797 0.05 0.694274)
(2.101623 -0.05 0.688184)
(2.101623 0.05 0.688184)
(2.158851 -0.05 0.677267)
(2.158851 0.05 0.677267)
(2.214965 -0.05 0.6616)
(2.214965 0.05 0.6616)
(2.269574 -0.05 0.641292)
(2.269574 0.05 0.641292)
(2.322292 -0.05 0.616484)
(2.322292 0.05 0.616484)
(2.372746 -0.05 0.587354)
(2.372746 0.05 0.587354)
(2.420589 -0.05 0.554103)
(2.420589 0.05 0.554103)
(2.465479 -0.05 0.516966)
(2.465479 0.05 0.516966)
(2.507103 -0.05 0.476205)
(2.507103 0.05 0.476205)
(2.545174 -0.05 0.4321)
(2.545174 0.05 0.4321)
(2.57942 -0.05 0.384964)
(2.57942 0.05 0.384964)
(2.6096 -0.05 0.33513)
(2.6096 0.05 0.33513)
(2.635506 -0.05 0.282945)
(2.635506 0.05 0.282945)
(2.656952 -0.05 0.228775)
(2.656952 0.05 0.228775)
(2.673792 -0.05 0.173001)
(2.673792 0.05 0.173001)
(2.685905 -0.05 0.11601)
(2.685905 0.05 0.11601)
(2.693207 -0.05 0.0582103)
(2.693207 0.05 0.0582103)
(2.763489 0.05 0)
(2.763489 -0.05 0)
(2.76081 -0.05 -0.0638871)
(2.76081 0.05 -0.0638871)
(2.752797 -0.05 -0.127323)
(2.752797 0.05 -0.127323)
(2.739502 -0.05 -0.189873)
(2.739502 0.05 -0.189873)
(2.72102 -0.05 -0.251086)
(2.72102 0.05 -0.251086)
(2.697482 -0.05 -0.310538)
(2.697482 0.05 -0.310538)
(2.66905 -0.05 -0.367813)
(2.66905 0.05 -0.367813)
(2.635927 -0.05 -0.422507)
(2.635927 0.05 -0.422507)
(2.59834 -0.05 -0.47424)
(2.59834 0.05 -0.47424)
(2.556557 -0.05 -0.522646)
(2.556557 0.05 -0.522646)
(2.510874 -0.05 -0.567382)
(2.510874 0.05 -0.567382)
(2.461606 -0.05 -0.608141)
(2.461606 0.05 -0.608141)
(2.409097 -0.05 -0.644635)
(2.409097 0.05 -0.644635)
(2.353723 -0.05 -0.676606)
(2.353723 0.05 -0.676606)
(2.295863 -0.05 -0.703833)
(2.295863 0.05 -0.703833)
(2.235929 -0.05 -0.726121)
(2.235929 0.05 -0.726121)
(2.174343 -0.05 -0.743316)
(2.174343 0.05 -0.743316)
(2.111533 -0.05 -0.755298)
(2.111533 0.05 -0.755298)
(2.0479393 -0.05 -0.761982)
(2.0479393 0.05 -0.761982)
(1.984012 -0.05 -0.763321)
(1.984012 0.05 -0.763321)
(1.920196 -0.05 -0.759306)
(1.920196 0.05 -0.759306)
(1.856936 -0.05 -0.749965)
(1.856936 0.05 -0.749965)
(1.794682 -0.05 -0.735363)
(1.794682 0.05 -0.735363)
(1.733872 -0.05 -0.715605)
(1.733872 0.05 -0.715605)
(1.674923 -0.05 -0.690826)
(1.674923 0.05 -0.690826)
(1.618255 -0.05 -0.661201)
(1.618255 0.05 -0.661201)
(1.564267 -0.05 -0.626938)
(1.564267 0.05 -0.626938)
(1.513333 -0.05 -0.588277)
(1.513333 0.05 -0.588277)
(1.465814 -0.05 -0.545491)
(1.465814 0.05 -0.545491)
(1.422044 -0.05 -0.49888)
(1.422044 0.05 -0.49888)
(1.382324 -0.05 -0.448768)
(1.382324 0.05 -0.448768)
(1.346939 -0.05 -0.395507)
(1.346939 0.05 -0.395507)
(1.316134 -0.05 -0.339473)
(1.316134 0.05 -0.339473)
(1.290127 -0.05 -0.281059)
(1.290127 0.05 -0.281059)
(1.269098 -0.05 -0.220674)
(1.269098 0.05 -0.220674)
(1.253195 -0.05 -0.158736)
(1.253195 0.05 -0.158736)
(1.242532 -0.05 -0.0956885)
(1.242532 0.05 -0.0956885)
(1.237182 -0.05 -0.0319713)
(1.237182 0.05 -0.0319713)
(1.237182 -0.05 0.0319713)
(1.237182 0.05 0.0319713)
(1.242532 -0.05 0.0956885)
(1.242532 0.05 0.0956885)
(1.253195 -0.05 0.158736)
(1.253195 0.05 0.158736)
(1.269098 -0.05 0.220674)
(1.269098 0.05 0.220674)
(1.290127 -0.05 0.281059)
(1.290127 0.05 0.281059)
(1.316134 -0.05 0.339473)
(1.316134 0.05 0.339473)
(1.346939 -0.05 0.395507)
(1.346939 0.05 0.395507)
(1.382324 -0.05 0.448768)
(1.382324 0.05 0.448768)
(1.422044 -0.05 0.49888)
(1.422044 0.05 0.49888)
(1.465814 -0.05 0.545491)
(1.465814 0.05 0.545491)
(1.513333 -0.05 0.588277)
(1.513333 0.05 0.588277)
(1.564267 -0.05 0.626938)
(1.564267 0.05 0.626938)
(1.618255 -0.05 0.661201)
(1.618255 0.05 0.661201)
(1.674923 -0.05 0.690826)
(1.674923 0.05 0.690826)
(1.733872 -0.05 0.715605)
(1.733872 0.05 0.715605)
(1.794682 -0.05 0.735363)
(1.794682 0.05 0.735363)
(1.856936 -0.05 0.749965)
(1.856936 0.05 0.749965)
(1.920196 -0.05 0.759306)
(1.920196 0.05 0.759306)
(1.984012 -0.05 0.763321)
(1.984012 0.05 0.763321)
(2.0479393 -0.05 0.761982)
(2.0479393 0.05 0.761982)
(2.111533 -0.05 0.755298)
(2.111533 0.05 0.755298)
(2.174343 -0.05 0.743316)
(2.174343 0.05 0.743316)
(2.235929 -0.05 0.726121)
(2.235929 0.05 0.726121)
(2.295863 -0.05 0.703833)
(2.295863 0.05 0.703833)
(2.353723 -0.05 0.676606)
(2.353723 0.05 0.676606)
(2.409097 -0.05 0.644635)
(2.409097 0.05 0.644635)
(2.461606 -0.05 0.608141)
(2.461606 0.05 0.608141)
(2.510874 -0.05 0.567382)
(2.510874 0.05 0.567382)
(2.556557 -0.05 0.522646)
(2.556557 0.05 0.522646)
(2.59834 -0.05 0.47424)
(2.59834 0.05 0.47424)
(2.635927 -0.05 0.422507)
(2.635927 0.05 0.422507)
(2.66905 -0.05 0.367813)
(2.66905 0.05 0.367813)
(2.697482 -0.05 0.310538)
(2.697482 0.05 0.310538)
(2.72102 -0.05 0.251086)
(2.72102 0.05 0.251086)
(2.739502 -0.05 0.189873)
(2.739502 0.05 0.189873)
(2.752797 -0.05 0.127323)
(2.752797 0.05 0.127323)
(2.76081 -0.05 0.0638871)
(2.76081 0.05 0.0638871)
(2.832687 0.05 0)
(2.832687 -0.05 0)
(2.829766 -0.05 -0.0696775)
(2.829766 0.05 -0.0696775)
(2.821026 -0.05 -0.138863)
(2.821026 0.05 -0.138863)
(2.806527 -0.05 -0.207082)
(2.806527 0.05 -0.207082)
(2.786369 -0.05 -0.273844)
(2.786369 0.05 -0.273844)
(2.760698 -0.05 -0.338684)
(2.760698 0.05 -0.338684)
(2.729689 -0.05 -0.401149)
(2.729689 0.05 -0.401149)
(2.693564 -0.05 -0.4608)
(2.693564 0.05 -0.4608)
(2.652571 -0.05 -0.517223)
(2.652571 0.05 -0.517223)
(2.607 -0.05 -0.570016)
(2.607 0.05 -0.570016)
(2.557177 -0.05 -0.618806)
(2.557177 0.05 -0.618806)
(2.503443 -0.05 -0.663259)
(2.503443 0.05 -0.663259)
(2.446175 -0.05 -0.703061)
(2.446175 0.05 -0.703061)
(2.385783 -0.05 -0.737929)
(2.385783 0.05 -0.737929)
(2.322678 -0.05 -0.767624)
(2.322678 0.05 -0.767624)
(2.257311 -0.05 -0.791933)
(2.257311 0.05 -0.791933)
(2.190144 -0.05 -0.810686)
(2.190144 0.05 -0.810686)
(2.121642 -0.05 -0.823754)
(2.121642 0.05 -0.823754)
(2.0522842 -0.05 -0.831043)
(2.0522842 0.05 -0.831043)
(1.9825632 -0.05 -0.832504)
(1.9825632 0.05 -0.832504)
(1.9129634 -0.05 -0.828126)
(1.9129634 0.05 -0.828126)
(1.843969 -0.05 -0.817938)
(1.843969 0.05 -0.817938)
(1.776072 -0.05 -0.802012)
(1.776072 0.05 -0.802012)
(1.709752 -0.05 -0.780464)
(1.709752 0.05 -0.780464)
(1.64546 -0.05 -0.753438)
(1.64546 0.05 -0.753438)
(1.583656 -0.05 -0.721128)
(1.583656 0.05 -0.721128)
(1.524774 -0.05 -0.683761)
(1.524774 0.05 -0.683761)
(1.469224 -0.05 -0.641595)
(1.469224 0.05 -0.641595)
(1.417399 -0.05 -0.594931)
(1.417399 0.05 -0.594931)
(1.369661 -0.05 -0.544096)
(1.369661 0.05 -0.544096)
(1.326342 -0.05 -0.489441)
(1.326342 0.05 -0.489441)
(1.287749 -0.05 -0.431354)
(1.287749 0.05 -0.431354)
(1.254152 -0.05 -0.370241)
(1.254152 0.05 -0.370241)
(1.225788 -0.05 -0.306532)
(1.225788 0.05 -0.306532)
(1.202853 -0.05 -0.240675)
(1.202853 0.05 -0.240675)
(1.185509 -0.05 -0.173123)
(1.185509 0.05 -0.173123)
(1.173879 -0.05 -0.104361)
(1.173879 0.05 -0.104361)
(1.168044 -0.05 -0.034869)
(1.168044 0.05 -0.034869)
(1.168044 -0.05 0.034869)
(1.168044 0.05 0.034869)
(1.173879 -0.05 0.104361)
(1.173879 0.05 0.104361)
(1.185509 -0.05 0.173123)
(1.185509 0.05 0.173123)
(1.202853 -0.05 0.240675)
(1.202853 0.05 0.240675)
(1.225788 -0.05 0.306532)
(1.225788 0.05 0.306532)
(1.254152 -0.05 0.370241)
(1.254152 0.05 0.370241)
(1.287749 -0.05 0.431354)
(1.287749 0.05 0.431354)
(1.326342 -0.05 0.489441)
(1.326342 0.05 0.489441)
(1.369661 -0.05 0.544096)
(1.369661 0.05 0.544096)
(1.417399 -0.05 0.594931)
(1.417399 0.05 0.594931)
(1.469224 -0.05 0.641595)
(1.469224 0.05 0.641595)
(1.524774 -0.05 0.683761)
(1.524774 0.05 0.683761)
(1.583656 -0.05 0.721128)
(1.583656 0.05 0.721128)
(1.64546 -0.05 0.753438)
(1.64546 0.05 0.753438)
(1.709752 -0.05 0.780464)
(1.709752 0.05 0.780464)
(1.776072 -0.05 0.802012)
(1.776072 0.05 0.802012)
(1.843969 -0.05 0.817938)
(1.843969 0.05 0.817938)
(1.9129634 -0.05 0.828126)
(1.9129634 0.05 0.828126)
(1.9825632 -0.05 0.832504)
(1.9825632 0.05 0.832504)
(2.0522842 -0.05 0.831043)
(2.0522842 0.05 0.831043)
(2.121642 -0.05 0.823754)
(2.121642 0.05 0.823754)
(2.190144 -0.05 0.810686)
(2.190144 0.05 0.810686)
(2.257311 -0.05 0.791933)
(2.257311 0.05 0.791933)
(2.322678 -0.05 0.767624)
(2.322678 0.05 0.767624)
(2.385783 -0.05 0.737929)
(2.385783 0.05 0.737929)
(2.446175 -0.05 0.703061)
(2.446175 0.05 0.703061)
(2.503443 -0.05 0.663259)
(2.503443 0.05 0.663259)
(2.557177 -0.05 0.618806)
(2.557177 0.05 0.618806)
(2.607 -0.05 0.570016)
(2.607 0.05 0.570016)
(2.652571 -0.05 0.517223)
(2.652571 0.05 0.517223)
(2.693564 -0.05 0.4608)
(2.693564 0.05 0.4608)
(2.729689 -0.05 0.401149)
(2.729689 0.05 0.401149)
(2.760698 -0.05 0.338684)
(2.760698 0.05 0.338684)
(2.786369 -0.05 0.273844)
(2.786369 0.05 0.273844)
(2.806527 -0.05 0.207082)
(2.806527 0.05 0.207082)
(2.821026 -0.05 0.138863)
(2.821026 0.05 0.138863)
(2.829766 -0.05 0.0696775)
(2.829766 0.05 0.0696775)
(2.903269 0.05 0)
(2.903269 -0.05 0)
(2.900101 -0.05 -0.0755837)
(2.900101 0.05 -0.0755837)
(2.89062 -0.05 -0.150633)
(2.89062 0.05 -0.150633)
(2.874891 -0.05 -0.224635)
(2.874891 0.05 -0.224635)
(2.853025 -0.05 -0.297056)
(2.853025 0.05 -0.297056)
(2.825178 -0.05 -0.367392)
(2.825178 0.05 -0.367392)
(2.791541 -0.05 -0.435152)
(2.791541 0.05 -0.435152)
(2.752354 -0.05 -0.49986)
(2.752354 0.05 -0.49986)
(2.707885 -0.05 -0.561065)
(2.707885 0.05 -0.561065)
(2.658452 -0.05 -0.618334)
(2.658452 0.05 -0.618334)
(2.604406 -0.05 -0.671259)
(2.604406 0.05 -0.671259)
(2.546117 -0.05 -0.71948)
(2.546117 0.05 -0.71948)
(2.483995 -0.05 -0.762656)
(2.483995 0.05 -0.762656)
(2.418484 -0.05 -0.800479)
(2.418484 0.05 -0.800479)
(2.35003 -0.05 -0.832691)
(2.35003 0.05 -0.832691)
(2.279122 -0.05 -0.859061)
(2.279122 0.05 -0.859061)
(2.206261 -0.05 -0.879403)
(2.206261 0.05 -0.879403)
(2.131953 -0.05 -0.893579)
(2.131953 0.05 -0.893579)
(2.056716 -0.05 -0.901486)
(2.056716 0.05 -0.901486)
(1.9810854 -0.05 -0.903071)
(1.9810854 0.05 -0.903071)
(1.9055862 -0.05 -0.898321)
(1.9055862 0.05 -0.898321)
(1.830743 -0.05 -0.88727)
(1.830743 0.05 -0.88727)
(1.757091 -0.05 -0.869994)
(1.757091 0.05 -0.869994)
(1.685149 -0.05 -0.846619)
(1.685149 0.05 -0.846619)
(1.615407 -0.05 -0.817303)
(1.615407 0.05 -0.817303)
(1.548365 -0.05 -0.782254)
(1.548365 0.05 -0.782254)
(1.484492 -0.05 -0.741719)
(1.484492 0.05 -0.741719)
(1.424233 -0.05 -0.69598)
(1.424233 0.05 -0.69598)
(1.368015 -0.05 -0.64536)
(1.368015 0.05 -0.64536)
(1.316231 -0.05 -0.590216)
(1.316231 0.05 -0.590216)
(1.269239 -0.05 -0.530929)
(1.269239 0.05 -0.530929)
(1.227375 -0.05 -0.467917)
(1.227375 0.05 -0.467917)
(1.19093 -0.05 -0.401624)
(1.19093 0.05 -0.401624)
(1.160162 -0.05 -0.332515)
(1.160162 0.05 -0.332515)
(1.135283 -0.05 -0.261076)
(1.135283 0.05 -0.261076)
(1.116469 -0.05 -0.187798)
(1.116469 0.05 -0.187798)
(1.103853 -0.05 -0.113207)
(1.103853 0.05 -0.113207)
(1.097524 -0.05 -0.0378246)
(1.097524 0.05 -0.0378246)
(1.097524 -0.05 0.0378246)
(1.097524 0.05 0.0378246)
(1.103853 -0.05 0.113207)
(1.103853 0.05 0.113207)
(1.116469 -0.05 0.187798)
(1.116469 0.05 0.187798)
(1.135283 -0.05 0.261076)
(1.135283 0.05 0.261076)
(1.160162 -0.05 0.332515)
(1.160162 0.05 0.332515)
(1.19093 -0.05 0.401624)
(1.19093 0.05 0.401624)
(1.227375 -0.05 0.467917)
(1.227375 0.05 0.467917)
(1.269239 -0.05 0.530929)
(1.269239 0.05 0.530929)
(1.316231 -0.05 0.590216)
(1.316231 0.05 0.590216)
(1.368015 -0.05 0.64536)
(1.368015 0.05 0.64536)
(1.424233 -0.05 0.69598)
(1.424233 0.05 0.69598)
(1.484492 -0.05 0.741719)
(1.484492 0.05 0.741719)
(1.548365 -0.05 0.782254)
(1.548365 0.05 0.782254)
(1.615407 -0.05 0.817303)
(1.615407 0.05 0.817303)
(1.685149 -0.05 0.846619)
(1.685149 0.05 0.846619)
(1.757091 -0.05 0.869994)
(1.757091 0.05 0.869994)
(1.830743 -0.05 0.88727)
(1.830743 0.05 0.88727)
(1.9055862 -0.05 0.898321)
(1.9055862 0.05 0.898321)
(1.9810854 -0.05 0.903071)
(1.9810854 0.05 0.903071)
(2.056716 -0.05 0.901486)
(2.056716 0.05 0.901486)
(2.131953 -0.05 0.893579)
(2.131953 0.05 0.893579)
(2.206261 -0.05 0.879403)
(2.206261 0.05 0.879403)
(2.279122 -0.05 0.859061)
(2.279122 0.05 0.859061)
(2.35003 -0.05 0.832691)
(2.35003 0.05 0.832691)
(2.418484 -0.05 0.800479)
(2.418484 0.05 0.800479)
(2.483995 -0.05 0.762656)
(2.483995 0.05 0.762656)
(2.546117 -0.05 0.71948)
(2.546117 0.05 0.71948)
(2.604406 -0.05 0.671259)
(2.604406 0.05 0.671259)
(2.658452 -0.05 0.618334)
(2.658452 0.05 0.618334)
(2.707885 -0.05 0.561065)
(2.707885 0.05 0.561065)
(2.752354 -0.05 0.49986)
(2.752354 0.05 0.49986)
(2.791541 -0.05 0.435152)
(2.791541 0.05 0.435152)
(2.825178 -0.05 0.367392)
(2.825178 0.05 0.367392)
(2.853025 -0.05 0.297056)
(2.853025 0.05 0.297056)
(2.874891 -0.05 0.224635)
(2.874891 0.05 0.224635)
(2.89062 -0.05 0.150633)
(2.89062 0.05 0.150633)
(2.900101 -0.05 0.0755837)
(2.900101 0.05 0.0755837)
(2.975263 0.05 0)
(2.975263 -0.05 0)
(2.971842 -0.05 -0.081608)
(2.971842 0.05 -0.081608)
(2.961606 -0.05 -0.162639)
(2.961606 0.05 -0.162639)
(2.944623 -0.05 -0.24254)
(2.944623 0.05 -0.24254)
(2.921015 -0.05 -0.320733)
(2.921015 0.05 -0.320733)
(2.890948 -0.05 -0.396674)
(2.890948 0.05 -0.396674)
(2.85463 -0.05 -0.469835)
(2.85463 0.05 -0.469835)
(2.812319 -0.05 -0.5397)
(2.812319 0.05 -0.5397)
(2.764306 -0.05 -0.605784)
(2.764306 0.05 -0.605784)
(2.710933 -0.05 -0.667617)
(2.710933 0.05 -0.667617)
(2.652579 -0.05 -0.72476)
(2.652579 0.05 -0.72476)
(2.589645 -0.05 -0.776825)
(2.589645 0.05 -0.776825)
(2.522571 -0.05 -0.823442)
(2.522571 0.05 -0.823442)
(2.451839 -0.05 -0.86428)
(2.451839 0.05 -0.86428)
(2.377929 -0.05 -0.89906)
(2.377929 0.05 -0.89906)
(2.301368 -0.05 -0.927532)
(2.301368 0.05 -0.927532)
(2.222701 -0.05 -0.949495)
(2.222701 0.05 -0.949495)
(2.14247 -0.05 -0.9648)
(2.14247 0.05 -0.9648)
(2.0612364 -0.05 -0.973338)
(2.0612364 0.05 -0.973338)
(1.979578 -0.05 -0.975049)
(1.979578 0.05 -0.975049)
(1.898061 -0.05 -0.969921)
(1.898061 0.05 -0.969921)
(1.817252 -0.05 -0.957989)
(1.817252 0.05 -0.957989)
(1.73773 -0.05 -0.939336)
(1.73773 0.05 -0.939336)
(1.660055 -0.05 -0.914098)
(1.660055 0.05 -0.914098)
(1.584754 -0.05 -0.882446)
(1.584754 0.05 -0.882446)
(1.512368 -0.05 -0.844603)
(1.512368 0.05 -0.844603)
(1.443404 -0.05 -0.800837)
(1.443404 0.05 -0.800837)
(1.378342 -0.05 -0.751452)
(1.378342 0.05 -0.751452)
(1.317643 -0.05 -0.696798)
(1.317643 0.05 -0.696798)
(1.261732 -0.05 -0.637259)
(1.261732 0.05 -0.637259)
(1.210995 -0.05 -0.573246)
(1.210995 0.05 -0.573246)
(1.165794 -0.05 -0.505212)
(1.165794 0.05 -0.505212)
(1.126444 -0.05 -0.433634)
(1.126444 0.05 -0.433634)
(1.093224 -0.05 -0.359018)
(1.093224 0.05 -0.359018)
(1.066362 -0.05 -0.281885)
(1.066362 0.05 -0.281885)
(1.046048 -0.05 -0.202765)
(1.046048 0.05 -0.202765)
(1.032427 -0.05 -0.122229)
(1.032427 0.05 -0.122229)
(1.025593 -0.05 -0.0408394)
(1.025593 0.05 -0.0408394)
(1.025593 -0.05 0.0408394)
(1.025593 0.05 0.0408394)
(1.032427 -0.05 0.122229)
(1.032427 0.05 0.122229)
(1.046048 -0.05 0.202765)
(1.046048 0.05 0.202765)
(1.066362 -0.05 0.281885)
(1.066362 0.05 0.281885)
(1.093224 -0.05 0.359018)
(1.093224 0.05 0.359018)
(1.126444 -0.05 0.433634)
(1.126444 0.05 0.433634)
(1.165794 -0.05 0.505212)
(1.165794 0.05 0.505212)
(1.210995 -0.05 0.573246)
(1.210995 0.05 0.573246)
(1.261732 -0.05 0.637259)
(1.261732 0.05 0.637259)
(1.317643 -0.05 0.696798)
(1.317643 0.05 0.696798)
(1.378342 -0.05 0.751452)
(1.378342 0.05 0.751452)
(1.443404 -0.05 0.800837)
(1.443404 0.05 0.800837)
(1.512368 -0.05 0.844603)
(1.512368 0.05 0.844603)
(1.584754 -0.05 0.882446)
(1.584754 0.05 0.882446)
(1.660055 -0.05 0.914098)
(1.660055 0.05 0.914098)
(1.73773 -0.05 0.939336)
(1.73773 0.05 0.939336)
(1.817252 -0.05 0.957989)
(1.817252 0.05 0.957989)
(1.898061 -0.05 0.969921)
(1.898061 0.05 0.969921)
(1.979578 -0.05 0.975049)
(1.979578 0.05 0.975049)
(2.0612364 -0.05 0.973338)
(2.0612364 0.05 0.973338)
(2.14247 -0.05 0.9648)
(2.14247 0.05 0.9648)
(2.222701 -0.05 0.949495)
(2.222701 0.05 0.949495)
(2.301368 -0.05 0.927532)
(2.301368 0.05 0.927532)
(2.377929 -0.05 0.89906)
(2.377929 0.05 0.89906)
(2.451839 -0.05 0.86428)
(2.451839 0.05 0.86428)
(2.522571 -0.05 0.823442)
(2.522571 0.05 0.823442)
(2.589645 -0.05 0.776825)
(2.589645 0.05 0.776825)
(2.652579 -0.05 0.72476)
(2.652579 0.05 0.72476)
(2.710933 -0.05 0.667617)
(2.710933 0.05 0.667617)
(2.764306 -0.05 0.605784)
(2.764306 0.05 0.605784)
(2.812319 -0.05 0.5397)
(2.812319 0.05 0.5397)
(2.85463 -0.05 0.469835)
(2.85463 0.05 0.469835)
(2.890948 -0.05 0.396674)
(2.890948 0.05 0.396674)
(2.921015 -0.05 0.320733)
(2.921015 0.05 0.320733)
(2.944623 -0.05 0.24254)
(2.944623 0.05 0.24254)
(2.961606 -0.05 0.162639)
(2.961606 0.05 0.162639)
(2.971842 -0.05 0.081608)
(2.971842 0.05 0.081608)
(3.0487 0.05 0)
(3.0487 -0.05 0)
(3.04502 -0.05 -0.0877528)
(3.04502 0.05 -0.0877528)
(3.03401 -0.05 -0.174884)
(3.03401 0.05 -0.174884)
(3.01575 -0.05 -0.260802)
(3.01575 0.05 -0.260802)
(2.990364 -0.05 -0.344883)
(2.990364 0.05 -0.344883)
(2.958033 -0.05 -0.426543)
(2.958033 0.05 -0.426543)
(2.918981 -0.05 -0.505212)
(2.918981 0.05 -0.505212)
(2.873484 -0.05 -0.580338)
(2.873484 0.05 -0.580338)
(2.821856 -0.05 -0.651398)
(2.821856 0.05 -0.651398)
(2.764463 -0.05 -0.717887)
(2.764463 0.05 -0.717887)
(2.701716 -0.05 -0.779332)
(2.701716 0.05 -0.779332)
(2.634043 -0.05 -0.835317)
(2.634043 0.05 -0.835317)
(2.561919 -0.05 -0.885445)
(2.561919 0.05 -0.885445)
(2.485861 -0.05 -0.929357)
(2.485861 0.05 -0.929357)
(2.406385 -0.05 -0.966756)
(2.406385 0.05 -0.966756)
(2.32406 -0.05 -0.997372)
(2.32406 0.05 -0.997372)
(2.23947 -0.05 -1.02099)
(2.23947 0.05 -1.02099)
(2.153198 -0.05 -1.03745)
(2.153198 0.05 -1.03745)
(2.0658472 -0.05 -1.04663)
(2.0658472 0.05 -1.04663)
(1.9780405 -0.05 -1.04847)
(1.9780405 0.05 -1.04847)
(1.890386 -0.05 -1.04295)
(1.890386 0.05 -1.04295)
(1.803492 -0.05 -1.03012)
(1.803492 0.05 -1.03012)
(1.717982 -0.05 -1.01006)
(1.717982 0.05 -1.01006)
(1.634459 -0.05 -0.982927)
(1.634459 0.05 -0.982927)
(1.553488 -0.05 -0.948891)
(1.553488 0.05 -0.948891)
(1.475651 -0.05 -0.908198)
(1.475651 0.05 -0.908198)
(1.401495 -0.05 -0.861137)
(1.401495 0.05 -0.861137)
(1.331533 -0.05 -0.808033)
(1.331533 0.05 -0.808033)
(1.266264 -0.05 -0.749264)
(1.266264 0.05 -0.749264)
(1.206144 -0.05 -0.685243)
(1.206144 0.05 -0.685243)
(1.151586 -0.05 -0.616409)
(1.151586 0.05 -0.616409)
(1.102981 -0.05 -0.543252)
(1.102981 0.05 -0.543252)
(1.060668 -0.05 -0.466285)
(1.060668 0.05 -0.466285)
(1.024946 -0.05 -0.386051)
(1.024946 0.05 -0.386051)
(0.99606 -0.05 -0.30311)
(0.99606 0.05 -0.30311)
(0.97422 -0.05 -0.218033)
(0.97422 0.05 -0.218033)
(0.95957 -0.05 -0.131432)
(0.95957 0.05 -0.131432)
(0.95222 -0.05 -0.0439144)
(0.95222 0.05 -0.0439144)
(0.95222 -0.05 0.0439144)
(0.95222 0.05 0.0439144)
(0.95957 -0.05 0.131432)
(0.95957 0.05 0.131432)
(0.97422 -0.05 0.218033)
(0.97422 0.05 0.218033)
(0.99606 -0.05 0.30311)
(0.99606 0.05 0.30311)
(1.024946 -0.05 0.386051)
(1.024946 0.05 0.386051)
(1.060668 -0.05 0.466285)
(1.060668 0.05 0.466285)
(1.102981 -0.05 0.543252)
(1.102981 0.05 0.543252)
(1.151586 -0.05 0.616409)
(1.151586 0.05 0.616409)
(1.206144 -0.05 0.685243)
(1.206144 0.05 0.685243)
(1.266264 -0.05 0.749264)
(1.266264 0.05 0.749264)
(1.331533 -0.05 0.808033)
(1.331533 0.05 0.808033)
(1.401495 -0.05 0.861137)
(1.401495 0.05 0.861137)
(1.475651 -0.05 0.908198)
(1.475651 0.05 0.908198)
(1.553488 -0.05 0.948891)
(1.553488 0.05 0.948891)
(1.634459 -0.05 0.982927)
(1.634459 0.05 0.982927)
(1.717982 -0.05 1.01006)
(1.717982 0.05 1.01006)
(1.803492 -0.05 1.03012)
(1.803492 0.05 1.03012)
(1.890386 -0.05 1.04295)
(1.890386 0.05 1.04295)
(1.9780405 -0.05 1.04847)
(1.9780405 0.05 1.04847)
(2.0658472 -0.05 1.04663)
(2.0658472 0.05 1.04663)
(2.153198 -0.05 1.03745)
(2.153198 0.05 1.03745)
(2.23947 -0.05 1.02099)
(2.23947 0.05 1.02099)
(2.32406 -0.05 0.997372)
(2.32406 0.05 0.997372)
(2.406385 -0.05 0.966756)
(2.406385 0.05 0.966756)
(2.485861 -0.05 0.929357)
(2.485861 0.05 0.929357)
(2.561919 -0.05 0.885445)
(2.561919 0.05 0.885445)
(2.634043 -0.05 0.835317)
(2.634043 0.05 0.835317)
(2.701716 -0.05 0.779332)
(2.701716 0.05 0.779332)
(2.764463 -0.05 0.717887)
(2.764463 0.05 0.717887)
(2.821856 -0.05 0.651398)
(2.821856 0.05 0.651398)
(2.873484 -0.05 0.580338)
(2.873484 0.05 0.580338)
(2.918981 -0.05 0.505212)
(2.918981 0.05 0.505212)
(2.958033 -0.05 0.426543)
(2.958033 0.05 0.426543)
(2.990364 -0.05 0.344883)
(2.990364 0.05 0.344883)
(3.01575 -0.05 0.260802)
(3.01575 0.05 0.260802)
(3.03401 -0.05 0.174884)
(3.03401 0.05 0.174884)
(3.04502 -0.05 0.0877528)
(3.04502 0.05 0.0877528)
(3.1236 0.05 0)
(3.1236 -0.05 0)
(3.11966 -0.05 -0.0940205)
(3.11966 0.05 -0.0940205)
(3.10787 -0.05 -0.187375)
(3.10787 0.05 -0.187375)
(3.0883 -0.05 -0.27943)
(3.0883 0.05 -0.27943)
(3.0611 -0.05 -0.369516)
(3.0611 0.05 -0.369516)
(3.02646 -0.05 -0.457008)
(3.02646 0.05 -0.457008)
(2.984618 -0.05 -0.541296)
(2.984618 0.05 -0.541296)
(2.935872 -0.05 -0.621788)
(2.935872 0.05 -0.621788)
(2.880556 -0.05 -0.697924)
(2.880556 0.05 -0.697924)
(2.819064 -0.05 -0.769162)
(2.819064 0.05 -0.769162)
(2.751836 -0.05 -0.834996)
(2.751836 0.05 -0.834996)
(2.67933 -0.05 -0.894979)
(2.67933 0.05 -0.894979)
(2.602053 -0.05 -0.948687)
(2.602053 0.05 -0.948687)
(2.520563 -0.05 -0.995736)
(2.520563 0.05 -0.995736)
(2.435411 -0.05 -1.03581)
(2.435411 0.05 -1.03581)
(2.347205 -0.05 -1.06861)
(2.347205 0.05 -1.06861)
(2.256574 -0.05 -1.09391)
(2.256574 0.05 -1.09391)
(2.16414 -0.05 -1.11155)
(2.16414 0.05 -1.11155)
(2.0705502 -0.05 -1.12138)
(2.0705502 0.05 -1.12138)
(1.9764722 -0.05 -1.12335)
(1.9764722 0.05 -1.12335)
(1.882557 -0.05 -1.11744)
(1.882557 0.05 -1.11744)
(1.789456 -0.05 -1.1037)
(1.789456 0.05 -1.1037)
(1.697839 -0.05 -1.08221)
(1.697839 0.05 -1.08221)
(1.60835 -0.05 -1.05313)
(1.60835 0.05 -1.05313)
(1.521596 -0.05 -1.01666)
(1.521596 0.05 -1.01666)
(1.438199 -0.05 -0.973066)
(1.438199 0.05 -0.973066)
(1.358747 -0.05 -0.922643)
(1.358747 0.05 -0.922643)
(1.283788 -0.05 -0.865746)
(1.283788 0.05 -0.865746)
(1.213857 -0.05 -0.80278)
(1.213857 0.05 -0.80278)
(1.149443 -0.05 -0.734186)
(1.149443 0.05 -0.734186)
(1.090988 -0.05 -0.660435)
(1.090988 0.05 -0.660435)
(1.038912 -0.05 -0.582054)
(1.038912 0.05 -0.582054)
(0.99358 -0.05 -0.499589)
(0.99358 0.05 -0.499589)
(0.9553 -0.05 -0.413624)
(0.9553 0.05 -0.413624)
(0.92436 -0.05 -0.32476)
(0.92436 0.05 -0.32476)
(0.90095 -0.05 -0.233605)
(0.90095 0.05 -0.233605)
(0.88526 -0.05 -0.14082)
(0.88526 0.05 -0.14082)
(0.87739 -0.05 -0.047051)
(0.87739 0.05 -0.047051)
(0.87739 -0.05 0.047051)
(0.87739 0.05 0.047051)
(0.88526 -0.05 0.14082)
(0.88526 0.05 0.14082)
(0.90095 -0.05 0.233605)
(0.90095 0.05 0.233605)
(0.92436 -0.05 0.32476)
(0.92436 0.05 0.32476)
(0.9553 -0.05 0.413624)
(0.9553 0.05 0.413624)
(0.99358 -0.05 0.499589)
(0.99358 0.05 0.499589)
(1.038912 -0.05 0.582054)
(1.038912 0.05 0.582054)
(1.090988 -0.05 0.660435)
(1.090988 0.05 0.660435)
(1.149443 -0.05 0.734186)
(1.149443 0.05 0.734186)
(1.213857 -0.05 0.80278)
(1.213857 0.05 0.80278)
(1.283788 -0.05 0.865746)
(1.283788 0.05 0.865746)
(1.358747 -0.05 0.922643)
(1.358747 0.05 0.922643)
(1.438199 -0.05 0.973066)
(1.438199 0.05 0.973066)
(1.521596 -0.05 1.01666)
(1.521596 0.05 1.01666)
(1.60835 -0.05 1.05313)
(1.60835 0.05 1.05313)
(1.697839 -0.05 1.08221)
(1.697839 0.05 1.08221)
(1.789456 -0.05 1.1037)
(1.789456 0.05 1.1037)
(1.882557 -0.05 1.11744)
(1.882557 0.05 1.11744)
(1.9764722 -0.05 1.12335)
(1.9764722 0.05 1.12335)
(2.0705502 -0.05 1.12138)
(2.0705502 0.05 1.12138)
(2.16414 -0.05 1.11155)
(2.16414 0.05 1.11155)
(2.256574 -0.05 1.09391)
(2.256574 0.05 1.09391)
(2.347205 -0.05 1.06861)
(2.347205 0.05 1.06861)
(2.435411 -0.05 1.03581)
(2.435411 0.05 1.03581)
(2.520563 -0.05 0.995736)
(2.520563 0.05 0.995736)
(2.602053 -0.05 0.948687)
(2.602053 0.05 0.948687)
(2.67933 -0.05 0.894979)
(2.67933 0.05 0.894979)
(2.751836 -0.05 0.834996)
(2.751836 0.05 0.834996)
(2.819064 -0.05 0.769162)
(2.819064 0.05 0.769162)
(2.880556 -0.05 0.697924)
(2.880556 0.05 0.697924)
(2.935872 -0.05 0.621788)
(2.935872 0.05 0.621788)
(2.984618 -0.05 0.541296)
(2.984618 0.05 0.541296)
(3.02646 -0.05 0.457008)
(3.02646 0.05 0.457008)
(3.0611 -0.05 0.369516)
(3.0611 0.05 0.369516)
(3.0883 -0.05 0.27943)
(3.0883 0.05 0.27943)
(3.10787 -0.05 0.187375)
(3.10787 0.05 0.187375)
(3.11966 -0.05 0.0940205)
(3.11966 0.05 0.0940205)
(3.2 0.05 0)
(3.2 -0.05 0)
(3.19579 -0.05 -0.100414)
(3.19579 0.05 -0.100414)
(3.1832 -0.05 -0.200116)
(3.1832 0.05 -0.200116)
(3.1623 -0.05 -0.29843)
(3.1623 0.05 -0.29843)
(3.13325 -0.05 -0.394642)
(3.13325 0.05 -0.394642)
(3.09626 -0.05 -0.488083)
(3.09626 0.05 -0.488083)
(3.05157 -0.05 -0.578102)
(3.05157 0.05 -0.578102)
(2.999508 -0.05 -0.664067)
(2.999508 0.05 -0.664067)
(2.94043 -0.05 -0.74538)
(2.94043 0.05 -0.74538)
(2.874757 -0.05 -0.821462)
(2.874757 0.05 -0.821462)
(2.802958 -0.05 -0.891772)
(2.802958 0.05 -0.891772)
(2.725522 -0.05 -0.955834)
(2.725522 0.05 -0.955834)
(2.642991 -0.05 -1.01319)
(2.642991 0.05 -1.01319)
(2.55596 -0.05 -1.06344)
(2.55596 0.05 -1.06344)
(2.465017 -0.05 -1.10624)
(2.465017 0.05 -1.10624)
(2.370813 -0.05 -1.14127)
(2.370813 0.05 -1.14127)
(2.27402 -0.05 -1.16829)
(2.27402 0.05 -1.16829)
(2.175301 -0.05 -1.18713)
(2.175301 0.05 -1.18713)
(2.0753473 -0.05 -1.19763)
(2.0753473 0.05 -1.19763)
(1.9748726 -0.05 -1.19974)
(1.9748726 0.05 -1.19974)
(1.874572 -0.05 -1.19343)
(1.874572 0.05 -1.19343)
(1.77514 -0.05 -1.17874)
(1.77514 0.05 -1.17874)
(1.677293 -0.05 -1.15579)
(1.677293 0.05 -1.15579)
(1.58172 -0.05 -1.12474)
(1.58172 0.05 -1.12474)
(1.489066 -0.05 -1.08579)
(1.489066 0.05 -1.08579)
(1.399999 -0.05 -1.03923)
(1.399999 0.05 -1.03923)
(1.315144 -0.05 -0.98538)
(1.315144 0.05 -0.98538)
(1.235088 -0.05 -0.924614)
(1.235088 0.05 -0.924614)
(1.160403 -0.05 -0.857366)
(1.160403 0.05 -0.857366)
(1.091609 -0.05 -0.784108)
(1.091609 0.05 -0.784108)
(1.029179 -0.05 -0.705343)
(1.029179 0.05 -0.705343)
(0.97356 -0.05 -0.621631)
(0.97356 0.05 -0.621631)
(0.92514 -0.05 -0.533559)
(0.92514 0.05 -0.533559)
(0.88427 -0.05 -0.441749)
(0.88427 0.05 -0.441749)
(0.85122 -0.05 -0.346843)
(0.85122 0.05 -0.346843)
(0.82622 -0.05 -0.249489)
(0.82622 0.05 -0.249489)
(0.80946 -0.05 -0.150395)
(0.80946 0.05 -0.150395)
(0.80105 -0.05 -0.0502502)
(0.80105 0.05 -0.0502502)
(0.80105 -0.05 0.0502502)
(0.80105 0.05 0.0502502)
(0.80946 -0.05 0.150395)
(0.80946 0.05 0.150395)
(0.82622 -0.05 0.249489)
(0.82622 0.05 0.249489)
(0.85122 -0.05 0.346843)
(0.85122 0.05 0.346843)
(0.88427 -0.05 0.441749)
(0.88427 0.05 0.441749)
(0.92514 -0.05 0.533559)
(0.92514 0.05 0.533559)
(0.97356 -0.05 0.621631)
(0.97356 0.05 0.621631)
(1.029179 -0.05 0.705343)
(1.029179 0.05 0.705343)
(1.091609 -0.05 0.784108)
(1.091609 0.05 0.784108)
(1.160403 -0.05 0.857366)
(1.160403 0.05 0.857366)
(1.235088 -0.05 0.924614)
(1.235088 0.05 0.924614)
(1.315144 -0.05 0.98538)
(1.315144 0.05 0.98538)
(1.399999 -0.05 1.03923)
(1.399999 0.05 1.03923)
(1.489066 -0.05 1.08579)
(1.489066 0.05 1.08579)
(1.58172 -0.05 1.12474)
(1.58172 0.05 1.12474)
(1.677293 -0.05 1.15579)
(1.677293 0.05 1.15579)
(1.77514 -0.05 1.17874)
(1.77514 0.05 1.17874)
(1.874572 -0.05 1.19343)
(1.874572 0.05 1.19343)
(1.9748726 -0.05 1.19974)
(1.9748726 0.05 1.19974)
(2.0753473 -0.05 1.19763)
(2.0753473 0.05 1.19763)
(2.175301 -0.05 1.18713)
(2.175301 0.05 1.18713)
(2.27402 -0.05 1.16829)
(2.27402 0.05 1.16829)
(2.370813 -0.05 1.14127)
(2.370813 0.05 1.14127)
(2.465017 -0.05 1.10624)
(2.465017 0.05 1.10624)
(2.55596 -0.05 1.06344)
(2.55596 0.05 1.06344)
(2.642991 -0.05 1.01319)
(2.642991 0.05 1.01319)
(2.725522 -0.05 0.955834)
(2.725522 0.05 0.955834)
(2.802958 -0.05 0.891772)
(2.802958 0.05 0.891772)
(2.874757 -0.05 0.821462)
(2.874757 0.05 0.821462)
(2.94043 -0.05 0.74538)
(2.94043 0.05 0.74538)
(2.999508 -0.05 0.664067)
(2.999508 0.05 0.664067)
(3.05157 -0.05 0.578102)
(3.05157 0.05 0.578102)
(3.09626 -0.05 0.488083)
(3.09626 0.05 0.488083)
(3.13325 -0.05 0.394642)
(3.13325 0.05 0.394642)
(3.1623 -0.05 0.29843)
(3.1623 0.05 0.29843)
(3.1832 -0.05 0.200116)
(3.1832 0.05 0.200116)
(3.19579 -0.05 0.100414)
(3.19579 0.05 0.100414)
)


// ************************************************************************* //
